-1
9766
-1
-1
9533
-1
-1
9314
9638
9700
9378
9663
9482
-1
9037
-1
-1
-1
9469
9939
-1
9220
9278
-1
-1
-1
9157
-1
-1
9677
-1
-1
9179
-1
9897
9662
-1
9754
-1
9990
9657
9922
-1
-1
-1
-1
9910
9944
9877
-1
9495
-1
9663
9528
-1
9410
9336
-1
-1
-1
-1
9731
9212
-1
9050
-1
9855
-1
9069
9407
9467
9067
9796
9020
-1
9216
9408
-1
9873
-1
-1
-1
9127
-1
-1
9786
-1
-1
-1
-1
9679
-1
9928
9730
9630
-1
9038
-1
-1
-1
9559
-1
-1
-1
-1
-1
9645
-1
9116
-1
9227
9849
-1
9722
9103
-1
9673
9986
9872
9064
9734
-1
9186
-1
-1
-1
-1
9762
-1
9269
9589
9087
9696
-1
-1
9763
9755
-1
-1
-1
-1
9827
-1
9673
9578
9834
9219
-1
-1
9688
9626
-1
9161
-1
-1
-1
-1
9666
-1
9607
9179
9805
9257
-1
9799
9728
9722
-1
-1
9874
-1
9043
9953
-1
9641
-1
-1
9199
9849
9313
9545
9406
-1
9448
-1
9629
-1
-1
-1
9781
9351
9717
-1
9477
-1
-1
-1
9232
-1
-1
-1
-1
-1
9090
-1
-1
-1
9626
9832
-1
9620
-1
9422
9873
9891
-1
9169
-1
9227
9736
-1
9897
9836
9828
-1
9221
9591
-1
9927
-1
-1
9245
-1
9147
9324
-1
-1
9624
-1
-1
-1
9712
9227
-1
9720
-1
9380
9540
-1
9183
-1
-1
-1
-1
-1
-1
9869
9417
9280
9577
9523
-1
9258
-1
-1
9398
-1
9613
-1
-1
9479
9893
9266
9708
9492
-1
9814
9944
9904
9498
-1
-1
9738
-1
-1
9515
-1
-1
9213
-1
9747
9271
-1
-1
9294
-1
-1
9579
9844
9073
-1
9723
-1
9165
-1
9928
9909
-1
-1
9998
9869
9579
9378
9597
9300
-1
9030
9548
9523
-1
9947
-1
-1
-1
-1
-1
9477
9807
-1
-1
-1
-1
9778
9523
9397
-1
9227
-1
9065
9569
9315
9714
-1
9615
9188
9262
9464
-1
9161
9092
-1
9647
9298
9827
9550
9439
9861
9266
9327
-1
9200
9388
9381
9580
9878
9609
9789
-1
-1
-1
-1
-1
-1
9049
9473
-1
-1
9985
-1
-1
-1
9015
-1
9630
-1
9717
-1
9862
-1
9177
9101
9182
9859
-1
9446
-1
9013
9091
9655
9777
9067
-1
-1
9860
-1
9284
-1
9393
9601
-1
9934
9184
9068
-1
9607
-1
9969
9367
9140
9426
9604
-1
9545
9928
9475
9209
9474
9587
9004
-1
-1
-1
-1
9441
-1
9946
-1
-1
-1
9576
9346
-1
-1
-1
9967
9798
-1
-1
-1
9206
9993
9350
-1
9875
9430
-1
9459
-1
9184
-1
9971
-1
-1
-1
-1
-1
-1
-1
-1
9250
-1
-1
9862
-1
9633
-1
9113
9736
-1
9421
-1
-1
-1
9011
9955
9563
9756
9377
9281
9827
9525
-1
-1
9045
-1
-1
-1
-1
9166
-1
9830
9685
9472
-1
9780
-1
-1
-1
-1
-1
9917
-1
9270
9156
-1
9389
-1
9153
9645
-1
-1
-1
-1
-1
-1
9898
9869
9465
-1
-1
-1
9894
-1
9013
-1
-1
-1
9231
-1
-1
-1
-1
9441
9756
-1
-1
9858
9500
9502
9834
-1
9609
-1
-1
9803
-1
9597
-1
9089
9459
-1
-1
-1
9117
9627
9731
9250
9016
9136
-1
9316
-1
9807
-1
-1
9263
-1
9135
-1
9781
9823
9790
9048
-1
-1
-1
-1
-1
-1
-1
9435
9646
9689
9304
-1
9077
9533
-1
-1
-1
-1
-1
-1
-1
9304
9341
9828
9297
-1
-1
-1
-1
-1
9955
9110
9796
-1
-1
-1
9528
9173
-1
-1
-1
-1
9175
9872
-1
-1
9601
9951
9687
9675
9531
-1
-1
9301
-1
9654
9542
-1
-1
9002
-1
-1
-1
9666
-1
9707
9085
-1
-1
-1
-1
9317
9896
-1
9355
-1
-1
-1
9551
-1
-1
9733
-1
9144
-1
9977
9160
9696
-1
9940
9430
9245
9485
9399
9918
9877
-1
9676
-1
-1
-1
-1
9122
9523
-1
-1
-1
-1
9504
9983
-1
-1
9880
9119
9861
-1
9221
9179
-1
9718
9694
-1
9742
-1
-1
9599
-1
9808
9175
9473
9810
9089
9719
-1
9215
-1
-1
9567
9285
9171
9531
9107
9716
-1
-1
-1
-1
9068
9236
-1
-1
-1
-1
-1
-1
-1
9750
-1
9116
-1
9304
-1
-1
9034
9076
9571
9497
9413
9333
-1
9431
9465
-1
9567
-1
-1
-1
9539
-1
9427
-1
-1
-1
9518
9352
9031
9637
9681
9176
-1
-1
9167
-1
-1
-1
9860
-1
9996
9135
9038
9215
-1
9546
-1
-1
9387
-1
9751
-1
-1
9933
9371
9489
9714
-1
9598
-1
-1
9620
9246
-1
9618
9075
-1
9508
-1
9466
-1
9599
-1
-1
9146
-1
9575
9301
9523
9312
9496
-1
-1
9523
-1
-1
9415
9718
9382
-1
9565
-1
9934
-1
9032
9185
-1
-1
-1
9031
9193
-1
-1
-1
-1
9448
9208
-1
-1
9845
-1
-1
-1
-1
-1
-1
9164
9559
-1
-1
9374
-1
9085
9158
9010
9973
-1
-1
-1
9089
9470
9931
9892
-1
-1
9657
-1
9215
9971
9186
9344
-1
-1
9137
9063
-1
-1
-1
-1
9930
-1
9434
-1
9429
-1
-1
9292
-1
-1
9345
9410
9296
-1
9727
-1
9316
-1
9530
-1
9498
9976
9564
-1
-1
-1
9720
-1
-1
9454
9231
-1
9339
-1
9142
9373
-1
-1
9005
9397
-1
9474
-1
-1
9831
-1
9607
9733
9333
9910
9403
9218
-1
9418
9751
-1
-1
9450
9388
9357
9663
-1
-1
-1
-1
-1
9171
-1
9536
9212
-1
9118
-1
9327
-1
9493
-1
9437
9847
-1
9461
9492
-1
-1
-1
-1
9953
-1
-1
9720
9036
9251
9901
-1
9254
9097
9248
9738
9363
-1
9366
9869
9430
9010
9156
9492
9100
-1
9197
-1
-1
-1
-1
-1
-1
9781
-1
9642
9097
-1
9194
9434
9280
9729
9525
9385
-1
-1
-1
-1
-1
-1
-1
9420
-1
9799
9419
9949
-1
-1
-1
-1
-1
-1
-1
9975
9555
-1
-1
-1
-1
9681
9459
-1
-1
9145
-1
-1
-1
-1
9619
9574
-1
-1
9977
-1
-1
9581
9619
-1
-1
9120
-1
-1
9604
-1
-1
-1
9235
-1
-1
9309
9158
-1
9072
-1
-1
-1
-1
-1
-1
-1
9937
9470
9845
9336
-1
-1
-1
-1
9276
-1
-1
9419
-1
9189
-1
-1
-1
9294
9796
9122
-1
9301
9276
9519
-1
9451
9072
-1
-1
-1
9828
-1
-1
9141
9117
-1
-1
-1
-1
-1
9623
9875
9460
9322
-1
-1
9201
-1
9256
-1
-1
9352
-1
9671
9946
9735
-1
-1
9396
-1
-1
-1
-1
9577
-1
-1
9865
9622
9037
-1
-1
9824
9299
9042
9302
9210
9491
-1
9525
9462
-1
9374
-1
9940
9512
-1
9093
-1
-1
9174
9537
-1
9028
-1
9034
-1
-1
9724
9262
9347
9999
-1
-1
-1
9500
-1
9539
-1
9326
9604
9688
9044
9540
-1
-1
-1
9437
-1
9002
9910
9360
-1
9731
-1
9883
9617
-1
9850
9294
9903
9510
9332
9435
9568
-1
9747
-1
-1
9106
-1
-1
9855
-1
9914
9943
9867
9503
9290
9874
-1
-1
9634
9423
9922
9331
-1
9238
9879
-1
-1
9014
9163
9637
-1
-1
9598
-1
-1
-1
-1
9278
-1
-1
9014
9058
-1
9571
9608
9792
-1
-1
9210
-1
9775
-1
9603
9001
9038
9059
9872
-1
-1
9886
9295
-1
-1
-1
9494
9369
9435
9316
9444
9982
-1
-1
-1
9819
9439
9771
9701
9299
9851
9348
-1
9588
9919
9860
-1
-1
-1
-1
9662
-1
9283
-1
-1
-1
-1
-1
9679
-1
-1
9201
-1
-1
9460
9878
-1
9840
9083
9924
9576
-1
9241
-1
9486
-1
-1
9915
-1
-1
9015
9636
-1
9175
9617
9479
9184
-1
-1
-1
-1
9765
-1
9564
-1
9609
-1
-1
9100
9956
9892
-1
9470
-1
9660
9776
9839
-1
9596
9385
-1
-1
9189
9326
9137
9658
9626
9377
9047
-1
9791
-1
-1
9058
9548
9926
-1
9699
-1
9475
-1
9139
9342
9271
9455
9724
-1
9752
9513
-1
9333
-1
9229
-1
-1
9340
9376
9900
9670
9111
9592
-1
-1
-1
9439
9589
-1
-1
9685
9478
9024
-1
-1
9605
9129
-1
9189
-1
9079
-1
9629
9073
-1
9495
-1
9721
-1
9028
9369
9962
-1
9019
9564
9718
-1
-1
9809
9809
-1
-1
9559
9898
9447
9588
-1
-1
9222
9996
9053
-1
-1
-1
-1
-1
9205
-1
9141
9450
-1
9845
-1
9174
-1
-1
9977
-1
-1
-1
-1
-1
9329
-1
9555
-1
9440
-1
9105
9021
-1
9108
-1
9583
9998
-1
-1
9755
9274
-1
9057
-1
9804
-1
-1
-1
9836
-1
-1
-1
9645
9495
9816
9031
-1
-1
-1
-1
-1
9262
-1
9106
9570
-1
-1
-1
9918
9305
-1
9629
9991
9747
-1
-1
-1
9376
-1
9686
9492
-1
-1
-1
-1
9357
9142
9808
9109
9106
9135
-1
-1
9382
-1
-1
-1
-1
9630
9042
-1
9375
-1
-1
-1
-1
9541
9911
9109
-1
-1
-1
9054
-1
-1
9819
9778
-1
-1
9913
9754
-1
-1
-1
9906
9799
-1
-1
-1
-1
-1
-1
-1
-1
9570
-1
-1
-1
9536
9348
9203
-1
9100
-1
9786
9782
-1
9827
-1
9271
-1
9157
9948
9266
-1
9166
9636
9038
9708
-1
-1
-1
9996
9442
9632
9586
-1
9871
9484
-1
-1
9140
-1
9986
9010
9604
9419
-1
9330
-1
-1
9620
-1
9393
-1
9652
9551
9904
9939
-1
9705
-1
9031
9300
9333
-1
-1
9810
9027
-1
9725
9429
9907
-1
-1
9666
9230
9951
9332
-1
-1
-1
9898
9605
9419
-1
9351
9709
-1
9043
-1
-1
-1
-1
9925
-1
-1
9239
-1
9247
9924
-1
9286
9190
-1
9080
9535
9290
9352
-1
9951
9985
-1
-1
9424
9415
9712
-1
9131
-1
9973
9017
-1
9914
-1
9489
-1
9095
-1
9654
9672
9543
-1
-1
-1
-1
-1
9556
-1
9855
9627
-1
-1
-1
-1
-1
9881
9539
-1
9359
-1
9301
-1
-1
-1
-1
-1
9855
9800
-1
9726
-1
9323
-1
-1
-1
-1
9416
9831
-1
-1
-1
9616
9634
-1
9872
-1
9152
-1
9643
9234
-1
9338
9620
9612
9443
9024
-1
9820
9034
-1
-1
9780
9673
9473
9851
-1
9776
-1
9161
-1
9087
-1
9569
9046
-1
-1
-1
9905
9621
9039
9231
9522
-1
9141
9174
9204
9369
-1
-1
9820
-1
-1
9288
9460
-1
-1
-1
9216
-1
-1
9266
9394
-1
9617
9087
9969
9849
-1
-1
9505
9160
-1
-1
-1
-1
9340
-1
-1
9118
9682
9413
-1
9757
-1
-1
-1
9214
9489
-1
9295
9813
-1
9505
-1
-1
-1
9908
-1
9768
9738
-1
9562
-1
9671
-1
-1
-1
9912
-1
-1
-1
-1
9284
9982
-1
9873
9790
-1
-1
9706
9135
-1
9499
9638
-1
9962
9858
9531
9017
9812
-1
9184
9865
9534
9769
-1
-1
9895
-1
-1
9171
9990
-1
9719
-1
9895
-1
9079
9215
9147
9303
9270
-1
-1
-1
9971
9193
9978
9757
9640
9826
-1
9887
-1
-1
9571
-1
9143
9466
-1
9822
9809
-1
9685
-1
-1
-1
-1
9921
9351
9740
9697
-1
9398
-1
9327
-1
-1
9765
9080
-1
9788
-1
9476
-1
-1
-1
9715
-1
9011
-1
-1
9281
9441
-1
-1
9082
9751
9574
9940
9251
9892
9046
9718
9595
-1
9272
9039
9139
9976
-1
9318
9633
-1
9588
-1
-1
-1
9568
9840
9150
-1
9479
9356
-1
-1
9151
-1
9995
-1
9890
-1
-1
9226
9098
-1
9563
-1
-1
9897
9025
9589
-1
-1
-1
9116
9411
-1
-1
9260
-1
9221
-1
-1
9912
-1
-1
9071
9971
9392
-1
9902
9515
-1
-1
-1
9509
9415
9111
9458
9297
-1
9460
9528
9240
-1
9161
9319
-1
9809
9993
-1
9501
9499
-1
9931
9902
9846
-1
9706
9667
9170
9932
-1
9746
9325
9349
9378
-1
9667
-1
9845
9709
-1
-1
9902
-1
9815
9674
-1
-1
9914
-1
9453
-1
-1
-1
-1
9984
-1
-1
9813
9791
-1
9219
-1
-1
9476
9773
-1
9073
9847
9488
-1
9441
-1
9355
9627
-1
9016
9737
-1
9929
-1
-1
-1
-1
9354
-1
-1
9322
9485
-1
9050
9034
-1
9268
-1
9562
-1
9502
9894
9184
-1
-1
-1
-1
-1
9534
9041
9603
-1
9870
9721
9663
-1
9697
9084
9218
9617
9559
9748
-1
9782
9387
-1
-1
-1
9953
-1
9445
9084
9575
-1
9813
-1
-1
9138
9124
-1
9054
9609
-1
9594
-1
9917
-1
-1
9517
9140
-1
9343
9747
-1
-1
-1
9717
9697
9325
-1
9008
-1
-1
-1
9297
9040
-1
-1
9346
9645
-1
9894
-1
9533
9645
-1
9477
9494
9127
9506
9518
9864
9064
-1
9711
9109
9516
9612
-1
9938
9270
9479
9744
-1
-1
9923
-1
-1
-1
-1
9026
9867
9418
9184
9173
-1
-1
9771
9251
9722
-1
-1
-1
-1
-1
-1
9138
9624
-1
9881
-1
-1
-1
-1
9500
-1
-1
-1
-1
9805
-1
9834
-1
9822
-1
9301
9569
-1
-1
-1
-1
-1
-1
9962
-1
-1
-1
-1
-1
9080
9913
-1
9006
9475
9404
-1
-1
-1
9573
-1
-1
9392
9089
9008
9919
-1
9311
-1
9214
-1
-1
9238
9263
-1
-1
-1
-1
9873
9877
9128
-1
-1
-1
-1
-1
9840
-1
9787
9686
-1
9203
9591
9467
-1
9956
-1
9815
9149
9985
-1
-1
9339
-1
-1
9987
9460
9464
9380
9251
-1
-1
9193
9270
9577
-1
9156
9494
-1
-1
-1
-1
9542
-1
9806
-1
9934
-1
-1
-1
-1
9552
-1
9905
-1
-1
9479
9074
9582
-1
-1
9529
9047
9334
9686
9208
-1
9363
9954
9020
-1
-1
-1
-1
-1
9072
-1
9184
-1
9005
9465
-1
9739
-1
9113
-1
9075
-1
9476
9983
-1
-1
9769
-1
-1
9467
9488
-1
9667
9106
-1
9629
-1
9343
-1
-1
9982
-1
-1
-1
9727
9507
9403
9305
-1
9870
9874
9305
-1
9266
9545
-1
9621
-1
-1
-1
-1
-1
-1
-1
9573
-1
9219
9486
-1
-1
-1
-1
-1
-1
-1
-1
-1
-1
9683
-1
9785
9143
-1
9405
-1
9917
9478
-1
9925
-1
-1
-1
9136
-1
9422
9188
9761
9663
9194
-1
-1
9177
9779
-1
-1
9402
9348
-1
-1
9666
-1
-1
-1
-1
-1
9653
-1
9195
-1
-1
9311
-1
-1
9854
-1
9394
9996
-1
-1
-1
9809
-1
-1
9288
-1
9276
9301
9887
9912
9388
9179
-1
9311
-1
9697
-1
-1
9324
-1
9979
-1
9789
-1
9825
-1
-1
9373
9885
-1
-1
-1
-1
-1
9335
-1
9621
9419
-1
9886
-1
9153
9995
-1
-1
-1
-1
-1
-1
-1
9396
9906
-1
9350
-1
-1
9373
9944
9694
-1
9763
9447
9380
-1
-1
-1
-1
9291
-1
9090
9798
9515
-1
9749
-1
9989
-1
9013
-1
9626
-1
9924
-1
9997
9600
9967
9063
-1
9205
-1
9559
9123
-1
9291
9645
9469
9284
-1
9102
-1
9782
9319
9931
9946
9219
9966
-1
-1
-1
-1
-1
9545
9774
9765
-1
-1
9536
-1
-1
9155
9195
-1
-1
9311
-1
9763
-1
-1
9247
9429
9213
9264
9310
-1
9075
9322
9129
9215
9265
9284
9267
-1
-1
9497
-1
9785
-1
-1
-1
-1
9114
9938
9243
-1
9386
-1
-1
-1
9541
9430
-1
-1
-1
9378
-1
9120
9475
9782
-1
-1
-1
9963
9888
-1
-1
-1
9320
9347
9811
-1
-1
-1
-1
-1
-1
-1
-1
9058
-1
-1
-1
-1
-1
-1
9678
-1
-1
9728
-1
9255
-1
9118
9793
-1
-1
-1
-1
9892
9893
-1
-1
-1
-1
-1
-1
9369
-1
-1
-1
9503
9263
9382
9521
9396
9855
9161
-1
9548
9321
9977
9977
-1
-1
9840
-1
9325
-1
9669
9066
9751
9423
-1
9556
-1
-1
9682
9099
9166
-1
9545
-1
9028
-1
-1
9156
9009
9801
9703
9660
-1
-1
-1
-1
9966
-1
9634
9837
9494
-1
9267
9650
-1
-1
9745
9345
9495
9196
9766
9833
-1
9200
-1
9669
-1
9549
9995
9520
9509
-1
-1
9579
-1
-1
9603
9304
-1
-1
-1
9966
9495
-1
-1
-1
9272
9415
9259
9817
-1
-1
9797
9968
9965
-1
-1
-1
9755
-1
-1
-1
-1
9170
-1
9488
9595
-1
9099
9461
-1
9695
-1
9160
9059
9338
9562
9644
-1
9544
9118
-1
9616
-1
9243
9156
9039
-1
-1
9144
-1
9083
9321
9846
-1
9406
-1
-1
-1
9397
9663
9521
-1
9713
-1
-1
9996
-1
9772
9287
-1
-1
-1
9221
-1
-1
9427
9394
9534
-1
-1
-1
9701
9285
-1
-1
-1
9338
9090
-1
-1
-1
9614
9012
9801
9258
9623
-1
9365
9769
9555
-1
-1
-1
-1
9866
-1
-1
-1
9173
9540
-1
9019
-1
-1
-1
-1
9484
9889
-1
-1
-1
-1
-1
9653
9582
-1
-1
-1
-1
9668
-1
-1
-1
-1
9496
9036
9899
9958
9410
-1
9479
9525
-1
-1
9507
9600
9858
-1
9302
-1
-1
-1
-1
-1
-1
9447
9878
-1
9403
9566
9709
-1
-1
-1
-1
9142
9389
-1
-1
-1
-1
9912
9084
9652
9553
9879
9769
-1
9165
9756
9607
9824
-1
9538
-1
9490
-1
9996
9717
-1
-1
-1
9091
9861
-1
-1
9950
-1
-1
9605
-1
-1
9166
9854
-1
-1
9948
9398
-1
9030
9817
9261
9156
-1
9476
-1
9292
-1
9517
-1
-1
9923
9692
-1
9241
-1
-1
-1
-1
9264
-1
9762
9857
-1
-1
9823
-1
9575
-1
9407
9559
9165
9025
9451
-1
9285
9211
9019
9559
9355
-1
-1
9880
9135
9386
-1
-1
9539
-1
-1
9848
-1
-1
-1
-1
-1
9725
9384
-1
-1
-1
-1
9562
9997
9749
-1
9855
9190
-1
-1
-1
-1
-1
-1
9233
9741
-1
-1
9412
-1
9609
9583
-1
-1
9277
-1
9287
-1
9389
-1
-1
-1
9772
9171
-1
-1
9709
9350
9494
-1
9278
9282
-1
-1
-1
-1
-1
9616
9444
9304
9267
-1
-1
9193
-1
-1
-1
9952
-1
9180
-1
9639
9065
9827
-1
-1
9437
-1
9329
-1
9466
-1
-1
9197
-1
9192
-1
-1
-1
9965
-1
9698
-1
-1
9395
9500
-1
-1
9120
9780
-1
-1
9450
-1
-1
9446
9106
-1
9416
9964
-1
9299
9428
9272
9605
9733
-1
9493
9242
9995
-1
9341
-1
9526
9680
-1
-1
-1
9180
9429
9717
9653
-1
-1
9967
9720
-1
-1
9805
-1
9551
9093
-1
9271
9558
9581
-1
9414
9029
-1
-1
-1
-1
9296
-1
9787
-1
9371
-1
-1
9263
-1
9685
9952
9653
-1
-1
9860
-1
-1
-1
9379
-1
9978
9345
-1
-1
-1
9388
9272
9684
-1
-1
9792
9680
9815
-1
9015
9484
9408
9688
-1
-1
-1
-1
-1
9132
-1
9607
-1
-1
9342
9606
9787
9283
9452
-1
-1
-1
-1
-1
-1
-1
-1
9727
9651
-1
9693
-1
9993
9566
9228
-1
9358
-1
9011
9395
-1
-1
-1
-1
-1
-1
9165
-1
9179
-1
-1
9831
9977
9139
9588
9752
9433
9031
9507
9065
9212
-1
-1
-1
-1
9329
-1
-1
9590
-1
9488
9107
-1
9240
-1
9050
-1
-1
-1
9141
-1
9621
9486
9560
9152
-1
-1
9382
9917
-1
-1
9039
9683
-1
-1
9447
9366
-1
-1
-1
-1
-1
-1
9081
9721
-1
9531
9656
-1
9133
-1
-1
9997
-1
9120
9617
9477
9082
-1
-1
9689
-1
-1
-1
-1
9420
-1
-1
-1
9651
-1
9689
-1
-1
-1
9348
-1
-1
-1
-1
9550
9281
9515
-1
-1
9936
9354
9331
-1
9658
-1
9033
9672
9703
9559
-1
-1
-1
9984
9124
9456
9279
9400
-1
-1
9359
9579
-1
-1
9661
-1
-1
9016
9209
9614
-1
9738
9462
-1
9909
9096
-1
-1
9444
-1
9960
-1
-1
-1
-1
9481
9256
-1
-1
9853
9619
-1
9901
9080
9666
-1
-1
-1
9186
-1
9468
9082
9303
9131
9377
-1
9986
-1
-1
-1
9556
9437
-1
9533
-1
9653
-1
-1
-1
-1
-1
-1
-1
9334
-1
9337
9237
9556
-1
9266
-1
9333
-1
9196
-1
9938
9278
9024
-1
-1
9635
9251
-1
9866
-1
-1
9280
9063
9433
9582
-1
-1
-1
-1
-1
-1
-1
-1
9916
-1
9654
9291
9471
9577
-1
9931
9942
9318
9230
9793
9282
-1
-1
9231
9546
9050
-1
9002
9562
9932
9786
9677
-1
9815
9125
-1
-1
9189
-1
-1
-1
9140
9044
-1
-1
-1
9228
9643
9830
9556
9809
-1
-1
-1
9084
-1
9513
9133
9427
9193
-1
-1
-1
-1
9651
-1
9133
-1
-1
-1
9456
9931
-1
-1
-1
9834
-1
9332
9832
9885
9683
-1
-1
9807
-1
-1
-1
9205
-1
9706
9397
9788
-1
9787
-1
-1
-1
9233
-1
9677
9632
-1
9083
-1
-1
-1
-1
9443
9154
9488
-1
9902
-1
9261
-1
-1
9740
-1
-1
-1
9597
9155
-1
-1
-1
-1
-1
9533
9507
-1
-1
-1
9371
9272
9745
9923
-1
-1
-1
9354
9670
-1
9496
9462
9289
9068
9503
9662
9393
-1
9963
9527
-1
-1
9630
-1
-1
-1
-1
-1
-1
-1
-1
9008
9405
-1
9597
-1
9397
-1
9589
9695
9564
9844
9899
-1
-1
9581
-1
-1
9775
9411
-1
-1
-1
-1
-1
-1
-1
-1
-1
-1
9912
9174
9275
-1
9620
-1
-1
9736
-1
-1
-1
-1
-1
-1
9334
-1
-1
-1
-1
9873
-1
9383
-1
-1
9365
9391
9763
9899
9190
9289
9201
9392
-1
9499
-1
9000
-1
-1
-1
9066
9042
-1
9546
-1
9933
9735
9322
9868
-1
-1
-1
9603
9937
-1
9861
9560
-1
9210
9989
-1
-1
-1
-1
9517
-1
9834
9531
-1
-1
9308
9085
9014
9531
9339
9571
-1
9654
9347
-1
9273
-1
-1
-1
9390
-1
9787
-1
9255
9587
-1
-1
9003
-1
9376
-1
9036
-1
-1
-1
-1
9024
-1
-1
-1
9596
-1
9293
-1
9554
-1
-1
9757
-1
-1
-1
-1
-1
9722
9732
-1
9818
-1
-1
-1
9236
-1
-1
-1
-1
-1
9128
-1
-1
-1
9935
-1
-1
9190
9963
9595
9816
9539
-1
9836
-1
9954
-1
-1
9267
-1
-1
9265
-1
-1
-1
9800
9053
9026
9022
9419
-1
9478
9087
-1
-1
-1
-1
-1
-1
9972
9751
-1
-1
9520
-1
9303
9026
-1
-1
-1
9859
9868
9912
9552
9620
-1
-1
-1
9682
9662
9722
-1
-1
-1
9324
9279
-1
-1
-1
9815
-1
9246
-1
-1
9747
9579
9057
-1
9464
9164
-1
-1
-1
9825
9605
-1
9822
-1
-1
-1
-1
-1
-1
9705
-1
9553
9882
-1
9084
9771
-1
-1
9484
9910
-1
9425
9734
9536
-1
9051
9688
9521
-1
-1
9779
-1
9972
-1
-1
-1
-1
9982
-1
9131
9982
9724
-1
-1
9752
-1
9966
9923
-1
-1
9124
-1
-1
9103
-1
9606
9925
-1
9994
9865
9222
9557
-1
-1
9074
-1
9762
-1
9743
9827
-1
9525
-1
-1
9734
9639
-1
9804
-1
9960
-1
9508
9690
9099
-1
-1
-1
9012
9439
-1
-1
-1
-1
9097
-1
-1
9727
-1
9892
-1
9110
-1
-1
-1
9687
-1
-1
-1
-1
9288
-1
-1
9398
9602
-1
9763
9179
-1
-1
-1
-1
-1
-1
9505
-1
9252
9090
9635
9111
-1
-1
9334
9749
-1
9236
-1
-1
9476
9521
9110
9808
-1
-1
9294
-1
-1
-1
9364
-1
-1
-1
-1
-1
9014
9546
9528
-1
-1
-1
9113
-1
-1
9391
-1
9903
9072
9843
-1
-1
-1
9263
-1
-1
-1
-1
-1
-1
-1
9449
9837
-1
-1
-1
9156
-1
-1
9051
-1
-1
9243
9346
9151
-1
9445
9115
-1
9927
-1
-1
-1
-1
-1
-1
-1
9582
-1
-1
9872
-1
9511
9108
9254
9845
9076
9481
9133
9172
-1
9334
9732
9006
9933
9861
-1
-1
-1
9801
9940
-1
9802
-1
9228
-1
-1
9643
-1
-1
-1
-1
-1
-1
9808
-1
-1
-1
-1
9953
9741
9646
9279
9466
9060
-1
-1
-1
-1
-1
-1
9009
-1
-1
-1
-1
-1
9225
9824
-1
-1
9140
-1
-1
-1
-1
9906
9049
9951
9740
9308
9056
9636
9168
-1
9283
-1
-1
9375
-1
-1
-1
9807
-1
9160
-1
-1
9954
9189
-1
-1
-1
-1
9989
9970
-1
9287
-1
9164
9054
9194
-1
9548
9971
-1
9585
-1
-1
9655
9451
9589
9187
9198
-1
-1
9747
-1
9826
-1
9247
-1
9899
-1
9536
-1
-1
-1
9155
-1
-1
-1
-1
9551
9623
-1
9573
9267
9685
-1
9577
9922
9195
9355
-1
-1
9758
9495
9043
9781
9238
9502
9282
9922
-1
9905
9416
9020
-1
9428
9246
-1
9677
-1
-1
9252
-1
-1
-1
9949
9028
9315
-1
9883
9323
9073
9228
9043
9652
9562
9179
-1
9967
-1
9786
9188
9594
9749
9546
-1
-1
-1
-1
9517
-1
-1
-1
-1
9227
-1
9757
9783
-1
-1
9620
9019
9964
-1
9395
9875
-1
9983
9107
-1
-1
9991
-1
-1
-1
-1
9394
-1
-1
-1
-1
-1
-1
-1
-1
9894
-1
9464
9054
9969
9103
-1
-1
9494
-1
-1
-1
9850
9094
-1
9294
9177
-1
-1
9781
-1
-1
9481
-1
-1
9695
-1
-1
9590
-1
-1
9784
-1
-1
9654
9207
9044
-1
-1
9332
9018
9947
-1
9471
-1
-1
-1
-1
9770
-1
9089
-1
9275
-1
9931
-1
9367
9296
9095
9700
9963
9977
-1
-1
-1
-1
9418
9868
-1
9335
9746
9245
-1
9539
9648
-1
-1
-1
-1
9085
9845
9794
-1
9067
-1
-1
-1
9307
9736
9178
9798
-1
-1
-1
9239
9818
9302
-1
-1
9764
9133
9863
-1
9768
-1
-1
9064
9831
9043
9659
-1
9728
-1
9814
9774
-1
9150
-1
9752
9093
-1
-1
-1
-1
9821
9389
-1
9062
9698
9268
-1
9588
9449
-1
9090
-1
-1
-1
-1
-1
9711
9456
-1
9939
9598
-1
9585
-1
9478
-1
9389
9082
-1
-1
-1
9514
9030
-1
-1
9231
-1
9104
9154
-1
9615
-1
-1
-1
9276
-1
-1
9094
9816
-1
9439
9189
9831
-1
9430
-1
-1
9667
9655
-1
-1
9750
-1
-1
9652
-1
9094
-1
9506
9974
-1
9231
-1
-1
9810
-1
-1
-1
-1
9106
9662
-1
9463
9559
9330
-1
-1
-1
-1
9876
-1
-1
9727
-1
-1
-1
9949
-1
-1
-1
-1
-1
-1
-1
9338
9496
-1
-1
-1
9466
-1
-1
9791
9412
-1
9174
9808
9232
-1
9416
9717
-1
-1
9892
9674
9478
-1
9362
9677
9792
-1
9390
9102
-1
9421
9058
-1
-1
-1
9773
9158
9296
9955
9994
-1
-1
-1
-1
9315
9736
9478
-1
9107
-1
-1
-1
-1
9449
9065
9564
9759
-1
-1
9638
9059
9876
9911
-1
9329
-1
-1
-1
9871
-1
-1
9781
9241
-1
-1
-1
9928
-1
-1
-1
-1
-1
-1
9533
-1
9924
-1
9307
-1
9331
-1
9721
-1
9035
-1
-1
-1
-1
-1
-1
-1
-1
-1
-1
9424
9202
-1
-1
9109
9509
-1
-1
9445
9024
9570
9283
-1
-1
9783
9205
9080
-1
-1
-1
9858
-1
-1
-1
-1
-1
-1
9194
-1
9539
9635
-1
-1
-1
-1
9480
-1
-1
9360
-1
9427
9360
9446
-1
-1
9561
-1
9374
9854
-1
-1
9655
9330
-1
-1
-1
9337
-1
-1
9795
-1
-1
-1
-1
9315
-1
9061
9218
9836
9082
9455
9811
9286
-1
9230
-1
-1
9853
9972
9497
9164
9263
-1
-1
9430
9608
-1
9361
-1
9883
9250
-1
9432
-1
-1
9260
-1
-1
9085
9533
-1
9612
9910
9516
9335
9297
-1
9972
9699
9135
9804
9445
9714
-1
-1
-1
-1
9383
-1
-1
9563
-1
9797
-1
-1
9534
9046
-1
-1
9594
9973
9219
9922
9146
9202
-1
-1
9050
9810
9874
9956
9291
9817
9809
9075
-1
9330
-1
9761
-1
-1
9597
-1
9948
9583
-1
-1
9311
9429
-1
9952
-1
9211
-1
-1
-1
-1
9350
-1
-1
9880
9915
-1
9516
9461
-1
-1
9681
9560
9215
9585
-1
9927
9208
9324
9011
-1
-1
-1
-1
9810
-1
9446
9021
-1
-1
9535
-1
-1
-1
9966
-1
9735
9566
9511
-1
9297
9069
9205
9185
9288
9031
9492
9670
9304
-1
9740
-1
9883
-1
9973
-1
-1
-1
9488
-1
9893
-1
9148
-1
-1
-1
-1
-1
-1
-1
9141
-1
9080
9231
-1
-1
-1
9662
9477
9631
-1
9160
-1
9786
9640
-1
-1
-1
9367
9362
9113
-1
-1
-1
9222
-1
-1
-1
-1
-1
-1
-1
9052
-1
-1
-1
9431
9584
9623
9722
9320
-1
9127
9841
-1
9125
9944
-1
9598
9581
-1
9927
-1
-1
9794
9018
9900
9171
-1
9294
-1
9913
9339
9949
-1
9827
9598
9835
9485
-1
-1
9403
-1
9134
9841
9488
-1
9141
9602
-1
9933
9225
-1
9403
-1
-1
9841
9748
9583
-1
-1
9455
-1
-1
-1
-1
9731
9842
-1
9433
9672
-1
-1
-1
-1
-1
-1
-1
-1
9231
9321
-1
-1
9301
9927
9063
-1
-1
-1
-1
-1
9710
-1
9264
-1
9176
-1
9717
9909
-1
-1
9801
-1
9404
9876
-1
-1
-1
-1
-1
-1
9320
9191
9403
9206
-1
9873
9286
9925
-1
9020
-1
-1
-1
-1
-1
9055
-1
9093
-1
-1
9141
9934
9377
9141
9492
-1
-1
9095
-1
9662
-1
-1
-1
-1
9429
9538
-1
9797
9703
9466
9753
-1
9423
-1
9248
9346
9354
9609
-1
-1
-1
9039
9621
-1
9644
9797
-1
-1
-1
-1
9064
9318
9149
9807
-1
9323
-1
9238
9134
9078
-1
-1
-1
9691
-1
-1
-1
-1
-1
-1
9077
9319
9144
9062
9502
-1
-1
-1
9423
9350
9174
-1
-1
-1
9330
-1
-1
-1
9543
9065
-1
-1
9722
9871
9095
-1
-1
-1
9202
9050
9316
9772
-1
9358
9568
9574
9110
-1
9229
-1
-1
9544
9677
-1
9521
9274
9048
9575
9396
-1
9708
9668
-1
-1
-1
9937
-1
9999
-1
-1
-1
9818
9093
9738
9510
-1
9275
-1
9557
9651
-1
9344
-1
9819
9371
9869
9028
-1
9253
9164
-1
9907
-1
9745
-1
9760
9505
-1
9884
9305
-1
-1
9470
-1
-1
9756
-1
-1
-1
9790
9537
-1
9756
9697
-1
-1
-1
9931
9790
-1
9476
-1
9588
9967
-1
9645
-1
9374
-1
9896
9008
-1
-1
-1
9046
-1
9351
-1
9704
-1
9054
9909
9209
9023
-1
-1
-1
9690
9473
-1
-1
9978
-1
9776
9847
9313
9866
-1
9544
-1
9921
9719
9431
-1
9982
9150
9975
-1
-1
9489
9929
-1
9177
9500
-1
-1
9633
9943
9805
9252
-1
-1
-1
-1
9240
-1
9575
9714
-1
9687
9096
9309
-1
9232
-1
-1
9125
-1
9640
9321
9442
-1
9379
-1
-1
9435
-1
-1
-1
9650
9684
9652
9848
9282
9295
9264
-1
9157
9922
9276
9360
-1
9687
9732
9440
-1
-1
9020
-1
-1
-1
9071
-1
-1
-1
-1
9259
9393
9672
-1
9798
-1
-1
-1
-1
9962
9922
9592
-1
9692
-1
9160
-1
-1
9669
9430
9936
-1
9258
9754
9173
-1
9221
9529
-1
9496
9752
9997
-1
9569
-1
9513
-1
-1
-1
-1
9339
9482
-1
-1
9621
-1
-1
-1
9432
-1
-1
-1
9051
-1
-1
9156
-1
-1
9464
9697
9078
9044
9484
-1
9359
-1
9449
-1
9907
9245
-1
9064
9553
9202
9113
-1
-1
9517
-1
-1
-1
9736
-1
9550
9553
9249
9071
-1
-1
9493
-1
-1
9693
-1
9781
9483
9929
-1
-1
9236
-1
-1
-1
9711
9346
9226
-1
9371
9599
9094
9034
9649
9893
9061
9718
-1
9606
9218
-1
-1
9404
-1
-1
-1
-1
9640
9568
-1
-1
9410
-1
-1
-1
9248
9135
-1
-1
-1
-1
9681
-1
-1
-1
-1
-1
9662
-1
9240
-1
9567
9083
-1
-1
-1
9253
-1
-1
-1
9162
-1
9460
-1
-1
9011
9137
-1
-1
9157
-1
9608
9530
9451
-1
9180
9031
-1
-1
-1
9312
9139
9427
9616
-1
9025
-1
9556
-1
9792
9486
9961
-1
-1
-1
9695
-1
-1
9835
-1
9319
9435
-1
-1
-1
-1
9297
-1
-1
-1
9888
9537
9476
-1
-1
-1
-1
-1
-1
9402
-1
9784
9790
-1
9938
9354
9403
9823
-1
-1
-1
-1
-1
-1
9249
9362
-1
-1
-1
-1
9106
-1
-1
-1
-1
9806
-1
9329
-1
9429
9937
-1
9090
-1
-1
-1
-1
9478
9884
-1
9566
9677
9674
-1
9002
-1
9268
-1
-1
-1
9342
9879
-1
-1
9078
9445
-1
9113
-1
9694
-1
-1
9716
-1
9014
9115
-1
9270
9468
9696
-1
9470
-1
9594
9726
-1
-1
9653
9135
9351
9721
9092
-1
9244
9533
9092
9339
-1
9113
9777
9018
9602
9563
9957
9698
9684
-1
9384
-1
9265
-1
9621
-1
9014
9405
9221
-1
-1
9935
-1
9396
-1
9917
-1
9651
-1
-1
9078
-1
-1
9097
-1
-1
9035
9762
9640
-1
9699
-1
-1
-1
9970
9815
9813
-1
9573
-1
-1
9779
-1
9176
9759
9968
-1
-1
9267
9951
9494
-1
-1
-1
-1
9754
-1
-1
9692
-1
9333
-1
-1
-1
-1
9379
-1
9714
9574
-1
-1
-1
9479
-1
9834
9025
-1
-1
-1
9727
9350
9844
-1
9314
9646
9354
-1
-1
9873
-1
-1
-1
9810
9343
-1
-1
-1
-1
-1
-1
9661
-1
-1
-1
-1
-1
-1
9098
9977
9029
-1
-1
9582
-1
9626
-1
-1
-1
9375
9372
-1
9787
9001
9773
-1
9535
-1
-1
9685
9211
9315
-1
9663
9548
9598
9246
9346
-1
-1
9439
9286
-1
9170
-1
-1
9795
-1
9104
-1
9495
-1
9985
-1
-1
-1
9667
-1
9888
9817
-1
9093
-1
9415
-1
-1
-1
9791
-1
9566
-1
9113
9167
-1
-1
-1
9247
9954
9220
-1
-1
9459
-1
9758
9606
9647
-1
-1
9639
9051
-1
9404
-1
-1
-1
9694
9000
-1
9939
9419
-1
9460
-1
-1
9510
9272
9016
-1
9313
-1
-1
9724
9641
9940
9593
9653
9576
-1
9840
-1
9520
-1
-1
9077
-1
-1
9039
-1
-1
-1
-1
-1
9464
9432
9663
-1
-1
-1
9664
-1
9191
-1
9435
9333
9071
9410
9233
-1
-1
9503
-1
-1
9947
-1
-1
-1
-1
9582
-1
9850
9576
9641
-1
9342
9290
-1
-1
9957
9274
9426
9306
9040
-1
9155
-1
-1
-1
9343
9072
9280
-1
-1
-1
9965
9382
-1
-1
9517
-1
-1
-1
9825
-1
-1
9283
9366
-1
-1
9398
-1
9780
9414
9780
-1
9424
-1
9422
9531
-1
-1
9983
-1
9250
9504
9594
9881
9927
-1
9928
-1
-1
-1
9734
9426
-1
9165
-1
-1
-1
-1
9979
-1
-1
-1
-1
9134
-1
-1
-1
9947
-1
-1
-1
9527
9721
-1
9174
9923
9060
-1
9508
9230
-1
-1
-1
9630
9567
9399
-1
-1
-1
9052
-1
-1
-1
-1
-1
9195
-1
-1
9808
9481
9882
9216
9951
9144
-1
-1
-1
9585
-1
9032
9994
9365
9123
-1
-1
9772
-1
-1
-1
9024
9907
-1
-1
-1
-1
9244
9577
-1
-1
-1
-1
9015
-1
-1
-1
9373
-1
-1
9297
-1
-1
9367
9688
-1
9301
-1
9227
-1
9226
-1
-1
-1
9360
-1
9506
-1
-1
-1
9845
9248
9701
-1
9166
-1
9720
9870
-1
-1
9620
-1
9269
-1
-1
-1
9673
9229
9912
9731
-1
-1
9452
-1
-1
9387
9065
9467
9244
-1
9545
9215
-1
-1
9930
9095
9958
-1
-1
-1
9572
9876
9531
-1
9351
9451
-1
9900
9742
9355
-1
9154
-1
-1
9381
9351
9938
9562
9685
9232
9313
-1
9566
9432
9801
-1
-1
9823
9912
-1
9568
9783
9660
-1
-1
-1
-1
-1
9338
9460
9644
-1
-1
9833
-1
9465
9395
9920
9957
-1
9220
-1
9344
-1
-1
-1
9157
9187
9401
9862
9332
9479
9637
9718
-1
-1
-1
-1
9480
9076
9271
-1
-1
9599
-1
-1
9185
-1
9604
9329
-1
-1
9196
9589
-1
-1
-1
9868
9680
-1
9022
-1
9301
9594
-1
9844
-1
9495
-1
-1
-1
-1
-1
-1
9583
9989
9842
-1
-1
-1
-1
9212
9529
-1
-1
-1
-1
9639
-1
9355
-1
9157
9839
9076
9759
9688
9188
9107
-1
9326
-1
9960
9691
9652
9976
9372
9204
9834
-1
9185
9675
-1
9408
9028
-1
9504
-1
9955
-1
9735
-1
-1
9706
-1
9493
-1
-1
9718
-1
-1
-1
-1
9700
-1
-1
-1
-1
9931
9992
-1
-1
9055
-1
-1
-1
9121
9372
-1
-1
-1
9781
9756
9551
-1
-1
9907
-1
9057
-1
9302
9211
9659
-1
-1
-1
9133
-1
-1
9021
-1
9181
-1
-1
9004
9297
9776
9474
9458
9446
9818
9349
9791
-1
9906
-1
-1
9866
-1
-1
-1
9710
9242
-1
-1
9299
9522
9882
9264
9372
-1
-1
-1
-1
9233
-1
-1
-1
-1
-1
-1
9871
-1
-1
9166
-1
9589
-1
9524
9842
-1
9558
9503
9901
9672
9922
-1
9811
-1
9065
-1
9566
-1
9216
9191
-1
-1
-1
9687
-1
9169
9306
-1
9407
9197
9848
9021
9174
9455
9469
-1
-1
9999
9300
9023
-1
9447
9144
9132
9526
-1
-1
-1
9196
9205
9624
9864
-1
9246
-1
9610
9895
-1
-1
9967
-1
9326
9353
9290
-1
-1
9558
-1
-1
9741
9395
-1
9466
9611
-1
-1
-1
-1
9235
9998
9030
-1
9513
-1
9606
-1
-1
-1
9651
9248
-1
9017
9174
-1
9680
-1
9541
9213
9629
9673
9019
-1
-1
9673
9645
9570
-1
-1
-1
-1
-1
-1
-1
9850
-1
-1
-1
9995
-1
9146
9237
9964
9214
-1
-1
9524
9874
9432
9544
-1
-1
-1
-1
9299
-1
-1
-1
-1
9809
9685
-1
9410
-1
-1
-1
-1
-1
9772
9532
9097
-1
-1
9249
9701
9484
-1
9394
-1
9644
9158
-1
-1
9310
-1
9345
-1
9938
-1
-1
-1
-1
9981
9972
-1
-1
-1
-1
-1
9595
9249
-1
-1
-1
-1
-1
9528
-1
9415
-1
9030
-1
9397
-1
9845
-1
9908
-1
9270
9333
9377
-1
-1
9666
9239
-1
9505
9637
-1
-1
9258
-1
9703
9816
9012
9966
9238
9559
-1
-1
9954
-1
-1
9595
9537
-1
9607
-1
-1
9171
9036
9498
9474
-1
9531
9061
9342
-1
-1
-1
-1
9829
-1
-1
-1
-1
-1
9536
9228
-1
-1
9915
-1
-1
9754
9985
9492
9107
-1
-1
9483
-1
9250
9920
-1
9851
-1
9757
9494
9605
9426
-1
9674
9766
9008
9028
-1
-1
-1
9655
9952
9301
9281
-1
9193
-1
-1
-1
-1
9051
9236
9190
-1
9135
9212
-1
-1
9476
-1
-1
-1
-1
9006
-1
-1
9493
-1
9485
-1
9227
9877
-1
-1
9663
9226
9184
9898
9384
9588
9047
9325
-1
9862
-1
9284
-1
9015
-1
9269
9327
-1
9471
9296
-1
-1
-1
9012
9191
9016
9155
-1
9308
9205
9907
-1
9747
-1
-1
-1
-1
9485
9135
-1
-1
9503
-1
-1
9313
9168
9944
-1
-1
9783
-1
9727
-1
-1
9460
9147
9514
-1
-1
-1
-1
9612
9897
-1
9115
9614
9504
9039
-1
-1
-1
-1
9846
-1
-1
9733
-1
9115
-1
-1
-1
9431
9562
-1
-1
-1
-1
9751
-1
9613
-1
-1
-1
-1
-1
-1
9560
-1
9850
-1
-1
9910
9984
9688
-1
-1
-1
-1
9398
9221
-1
9636
-1
9285
-1
-1
-1
-1
-1
9113
-1
9093
-1
9345
-1
-1
-1
9429
-1
-1
9018
-1
-1
9987
9934
9344
9690
-1
9033
-1
-1
9974
9096
-1
9124
-1
-1
-1
9013
9501
-1
9200
9485
-1
-1
-1
-1
-1
9493
-1
9591
9085
9857
-1
9518
9371
-1
9047
-1
-1
9753
9041
-1
9963
9694
-1
-1
-1
-1
9311
-1
-1
9103
9176
-1
9296
-1
9672
9499
9992
-1
9331
9050
-1
-1
9074
9817
9233
-1
-1
-1
9125
-1
-1
-1
9000
-1
-1
9351
-1
9757
9045
-1
-1
9951
9486
9659
9827
-1
-1
9152
-1
-1
9453
9328
-1
-1
9362
9345
9858
9565
-1
-1
-1
-1
-1
9994
9740
-1
-1
-1
9847
-1
9994
-1
-1
9653
-1
-1
9649
-1
9335
9906
-1
9569
-1
-1
-1
9390
9463
-1
9060
-1
-1
9893
-1
9668
-1
-1
9272
-1
-1
-1
-1
-1
-1
9285
-1
9278
9341
9202
-1
-1
-1
-1
-1
9830
-1
-1
-1
-1
-1
-1
9903
9886
-1
9771
-1
-1
9232
9410
9133
-1
-1
9021
-1
9904
9626
-1
9703
9306
9357
9058
-1
9023
-1
-1
9226
9095
-1
9354
-1
-1
9300
-1
9690
9178
9561
-1
-1
-1
9071
9954
-1
9782
9174
9479
-1
-1
9458
-1
9665
9106
9914
-1
9687
9651
-1
-1
-1
-1
9291
-1
-1
9259
9683
9146
-1
-1
-1
9685
9547
-1
9872
-1
-1
-1
9990
9293
-1
9497
9051
-1
9495
-1
9825
9604
-1
9880
9755
-1
9323
9590
-1
-1
-1
9379
-1
9708
-1
-1
9908
9789
-1
-1
-1
-1
-1
9149
-1
-1
-1
9940
9408
-1
9145
9152
-1
9725
-1
-1
9453
-1
9655
9074
9771
-1
-1
-1
-1
9667
-1
-1
9127
9852
-1
9951
9977
9565
9593
-1
-1
-1
9881
-1
9434
-1
9764
9305
-1
9371
9959
9027
-1
-1
-1
-1
9509
-1
9272
9858
-1
-1
-1
-1
9560
9992
9719
-1
-1
-1
9529
9790
-1
9530
-1
9069
-1
9623
9581
9416
-1
-1
-1
-1
-1
-1
-1
-1
9772
9809
9814
9133
9498
9149
9400
9568
-1
-1
9619
9942
-1
-1
9942
-1
9892
9268
9272
9439
9531
-1
9640
9597
9122
-1
9508
9214
-1
9267
9132
-1
9158
9175
9391
-1
-1
-1
9186
-1
-1
-1
9003
9221
-1
9678
9045
9860
-1
-1
9239
-1
9679
-1
9364
-1
9264
9385
-1
-1
9840
-1
9725
-1
9506
9260
9807
9064
9983
9262
9255
9217
-1
9083
-1
-1
-1
9562
9010
-1
9721
-1
-1
-1
9807
9063
-1
-1
-1
9235
-1
-1
9864
-1
-1
9772
9467
9560
-1
9462
-1
9171
9128
9177
9896
-1
9626
9432
9817
9260
-1
9563
9530
9979
-1
9555
9687
-1
9491
-1
-1
-1
-1
9977
9461
9615
9708
-1
9718
9827
-1
-1
9962
9236
-1
9634
-1
-1
-1
9569
-1
-1
-1
-1
9834
-1
9680
-1
9275
9811
9432
-1
9384
9750
-1
9002
9740
-1
9944
-1
-1
-1
-1
-1
-1
-1
-1
9764
-1
-1
-1
9430
-1
9515
-1
-1
-1
-1
-1
-1
9464
9475
9640
-1
-1
9351
9836
9918
-1
-1
9473
-1
9589
-1
9112
-1
9588
-1
-1
9919
9003
9966
9944
9219
9119
9564
-1
-1
9277
-1
-1
9338
-1
9583
-1
-1
9613
9897
-1
9115
-1
9975
-1
9541
-1
-1
-1
-1
-1
-1
-1
9818
9719
9599
-1
9689
9707
-1
-1
9578
-1
9391
9818
9466
9463
9075
9516
9911
9034
9934
-1
-1
9629
9183
9116
9901
9284
-1
-1
-1
-1
-1
-1
9290
-1
9975
9802
9157
9495
9542
-1
-1
9772
9144
9713
9056
-1
9932
9009
9368
9932
-1
-1
9242
9168
-1
-1
9807
9002
9326
-1
-1
-1
9326
-1
9827
9633
-1
9673
-1
-1
9144
9276
-1
9432
9662
-1
9533
9400
-1
9138
9486
-1
-1
9296
-1
-1
-1
9653
9468
9199
-1
-1
9631
-1
9675
9926
9291
-1
-1
-1
9312
9080
-1
-1
-1
-1
9348
-1
-1
-1
-1
-1
9954
9721
9393
-1
9455
9831
-1
9379
-1
9581
-1
-1
-1
-1
9824
9377
9285
-1
9787
-1
9549
9231
-1
9679
9492
-1
9764
-1
-1
9251
-1
9778
-1
-1
9802
-1
-1
9276
-1
9416
-1
-1
-1
-1
9193
-1
-1
-1
9681
9063
9138
-1
-1
-1
9859
9218
9391
-1
9842
9349
-1
-1
9049
9448
-1
-1
9777
9803
-1
9864
-1
9855
9038
9979
9762
9645
-1
9744
9742
-1
-1
-1
9071
9020
9191
-1
-1
-1
9536
9326
9788
9083
-1
-1
9082
9270
9466
9191
-1
-1
9276
-1
-1
-1
9024
9812
-1
-1
9432
9837
-1
-1
9050
9235
9868
9356
-1
9220
-1
-1
9304
9737
9692
-1
-1
-1
9810
9952
-1
9488
9416
-1
9989
9324
9063
9205
9675
9309
-1
-1
9195
-1
-1
-1
-1
-1
-1
-1
-1
-1
9112
9186
9126
9269
-1
-1
-1
9039
9064
9615
-1
-1
-1
9785
9567
9845
-1
-1
-1
9837
-1
-1
9089
-1
-1
9451
-1
9487
9634
-1
9185
-1
9376
9309
9137
-1
9534
9219
-1
-1
9434
-1
-1
-1
-1
-1
9366
9286
-1
-1
9237
9530
9433
-1
9924
-1
-1
9784
-1
-1
-1
9806
9908
9790
-1
9301
9265
9140
9831
-1
9049
-1
9289
-1
-1
9082
9967
-1
-1
9936
9396
9342
-1
9689
9417
9217
9421
-1
9620
-1
9297
-1
9788
-1
9280
-1
9519
-1
9118
9693
9585
-1
9187
-1
-1
9654
9423
-1
-1
9644
9737
-1
9887
9784
9866
-1
9922
-1
-1
-1
-1
9247
-1
-1
-1
9884
9167
-1
-1
-1
-1
9622
-1
9258
-1
-1
9202
-1
-1
-1
-1
-1
9374
-1
9128
9711
-1
-1
-1
9966
-1
9000
-1
-1
-1
9140
9853
9913
9318
9726
9809
9370
9590
-1
-1
-1
9432
9620
-1
9368
-1
9779
-1
-1
-1
9569
9719
9978
-1
-1
9062
-1
-1
-1
9633
-1
9226
9723
-1
9588
9216
-1
-1
-1
-1
9899
9585
-1
-1
-1
9875
9937
-1
9497
-1
9869
9771
9648
-1
9966
-1
9529
-1
9722
-1
9164
9469
-1
9800
9057
9573
-1
9512
9834
-1
-1
-1
9861
9210
-1
9267
-1
-1
-1
-1
-1
9283
9888
9405
-1
-1
9970
-1
-1
9755
9045
9076
-1
9987
-1
-1
-1
9402
9945
9806
9490
-1
9635
9400
-1
9903
9410
-1
-1
9343
9947
9596
9826
-1
9844
9377
-1
9044
-1
9075
-1
-1
-1
-1
-1
-1
9135
9482
-1
9811
9311
-1
-1
-1
-1
9988
-1
-1
-1
-1
-1
9638
9987
9045
-1
9148
9305
9331
-1
9234
9671
9621
9969
-1
9412
-1
-1
9854
-1
9450
9369
9047
-1
-1
9880
9661
9978
9263
9411
-1
-1
9274
-1
9301
9119
9027
9623
-1
9250
-1
9311
9116
9962
9669
-1
-1
-1
-1
-1
-1
9768
9949
-1
-1
9106
9755
9363
-1
9171
9030
9181
-1
9332
-1
-1
-1
-1
-1
-1
-1
-1
9714
-1
-1
9005
-1
-1
-1
9119
9279
-1
9029
-1
-1
-1
-1
-1
9827
-1
-1
-1
-1
9012
9163
-1
9360
9390
9061
-1
9352
-1
9730
9119
9535
9472
9582
9480
-1
9635
9512
-1
9330
-1
9985
-1
-1
-1
-1
9449
9591
9410
9337
-1
9898
9931
9615
-1
9516
-1
9806
-1
9985
-1
-1
-1
9563
9299
-1
9164
9102
-1
9633
9551
-1
9245
-1
-1
9126
9368
-1
9012
-1
9790
9674
-1
9967
9119
9373
-1
9023
9046
-1
9583
-1
9288
-1
9578
-1
-1
-1
9202
-1
-1
-1
9224
9488
-1
9695
-1
9158
-1
-1
9176
-1
-1
9272
9807
9900
-1
-1
-1
9332
9540
9813
9919
-1
-1
9081
-1
9402
9586
-1
9446
-1
-1
-1
-1
-1
-1
9783
9512
9258
9164
9205
-1
9164
9635
9058
9356
9247
9911
9318
-1
9507
9641
9060
-1
-1
9740
9051
9183
9389
-1
-1
9200
-1
-1
-1
9360
9831
-1
9947
-1
-1
9838
9700
9731
-1
-1
9502
-1
-1
-1
-1
9481
-1
9147
-1
-1
-1
-1
-1
9486
9256
9252
-1
9054
-1
9942
9263
-1
9587
9997
9521
9132
9256
9720
-1
-1
9615
9241
9511
9284
-1
-1
-1
9981
-1
9552
-1
9106
-1
9429
9028
9764
9860
-1
9246
9644
9436
-1
-1
-1
-1
9853
9049
9818
-1
-1
-1
9172
9646
-1
9033
-1
9906
-1
9380
-1
-1
-1
-1
9171
9257
-1
9484
9872
-1
9625
-1
9915
9474
-1
9059
-1
9727
9736
9831
-1
9657
9289
-1
9624
-1
-1
-1
-1
-1
-1
-1
9990
9786
9280
-1
9543
9332
-1
9249
-1
9796
-1
9822
9343
-1
9098
9313
9047
9328
-1
9591
-1
9371
9235
-1
9612
9401
-1
-1
9397
9205
-1
-1
9780
9299
-1
9962
9219
9176
9723
-1
-1
9771
-1
9670
-1
9410
9759
9799
-1
-1
9886
9444
-1
-1
-1
-1
-1
9596
9146
9282
-1
-1
-1
-1
9397
-1
-1
-1
-1
-1
9531
-1
-1
-1
9954
9543
-1
-1
-1
-1
-1
-1
9938
-1
-1
9048
9243
9829
9325
-1
-1
-1
-1
-1
-1
9252
9756
-1
-1
-1
9693
9586
9188
-1
-1
-1
-1
9914
-1
-1
9430
-1
9255
-1
-1
9191
-1
-1
-1
-1
9621
9575
-1
-1
-1
9423
9491
-1
9600
9241
-1
9798
-1
-1
-1
-1
9751
9929
-1
-1
9108
9014
-1
9975
-1
9348
9966
9738
9140
9322
-1
-1
-1
9240
9226
9122
-1
-1
9802
9902
-1
9114
9416
9757
-1
-1
9895
-1
-1
9342
9869
-1
9246
-1
9612
-1
-1
9130
-1
-1
9617
9416
9267
9715
9201
-1
9181
9676
-1
9358
-1
9646
-1
-1
9616
-1
9403
-1
-1
-1
-1
-1
-1
-1
9012
9589
9730
-1
-1
-1
9293
9901
-1
-1
-1
-1
-1
9754
9322
-1
-1
9728
9746
9163
-1
-1
-1
-1
-1
-1
-1
-1
9871
9537
-1
-1
-1
9928
-1
9758
-1
-1
-1
-1
9238
9129
-1
9006
-1
-1
-1
9060
-1
9093
-1
-1
-1
-1
9420
-1
9789
-1
9264
-1
9437
9878
-1
9833
9494
-1
9334
9160
9759
-1
-1
9840
9194
-1
-1
9833
-1
-1
9665
-1
-1
9686
-1
9216
-1
-1
-1
9859
9553
-1
9135
9457
-1
9322
9674
9785
9424
9676
9369
9520
-1
9506
-1
9608
-1
9281
-1
-1
9102
9258
-1
-1
9929
9761
-1
-1
9097
9602
9097
-1
-1
-1
9470
9451
-1
-1
-1
9183
-1
9481
9188
-1
-1
-1
-1
9646
-1
9497
-1
-1
9143
-1
-1
9998
9653
-1
9666
-1
9545
9887
-1
-1
9390
-1
-1
9069
9167
-1
9207
-1
-1
-1
-1
9195
9876
9068
-1
9760
9154
-1
-1
-1
-1
9112
9671
-1
9532
9489
-1
9238
9937
-1
-1
9880
-1
-1
-1
-1
-1
-1
9529
-1
-1
-1
9521
-1
-1
9909
9150
-1
9214
-1
9488
9341
9813
-1
-1
-1
9244
9607
-1
9078
-1
9113
9901
9488
-1
-1
-1
-1
-1
9313
-1
9191
-1
-1
-1
-1
-1
-1
9979
-1
9383
9841
9497
-1
9494
9838
-1
9347
9942
9794
9109
-1
-1
9220
-1
9777
-1
9530
-1
9318
-1
-1
-1
9728
9074
-1
9463
9147
-1
-1
9679
-1
9024
-1
-1
9283
9017
-1
-1
-1
9486
-1
9178
-1
-1
9554
-1
9116
9917
9425
-1
-1
-1
9661
-1
9839
-1
9488
-1
-1
-1
9875
-1
-1
9772
-1
-1
-1
-1
-1
-1
9049
9959
9067
-1
-1
9400
9749
9518
9886
-1
9429
-1
9860
-1
-1
9671
-1
9712
9100
9960
-1
9201
-1
-1
-1
9091
-1
9084
-1
-1
-1
9250
9276
-1
-1
-1
-1
-1
9172
-1
-1
-1
9749
-1
9882
-1
-1
9838
-1
-1
9011
9752
-1
-1
9134
9708
-1
-1
-1
-1
-1
9793
-1
-1
-1
9845
9146
9989
9600
9889
-1
-1
9207
9090
9097
9190
9699
-1
9572
-1
9630
9198
9103
-1
9692
-1
-1
9607
-1
-1
-1
9097
-1
-1
9445
9362
9602
9914
-1
-1
-1
-1
-1
-1
9296
9256
-1
-1
-1
-1
-1
-1
9145
-1
9969
9406
-1
-1
9015
-1
-1
9075
9748
9608
-1
9444
-1
-1
-1
-1
-1
9371
9785
9477
9283
9470
-1
9203
9038
-1
-1
9251
9413
9625
-1
-1
-1
-1
9944
-1
9323
-1
9410
-1
9870
9321
9025
-1
9092
-1
9355
-1
9289
9999
-1
-1
9476
-1
-1
9462
9405
-1
-1
-1
-1
9576
-1
-1
-1
9192
9542
9678
9750
9413
-1
9751
9165
9824
-1
-1
-1
-1
-1
9969
9412
9890
9373
9559
9441
9771
-1
-1
-1
9675
-1
-1
-1
-1
-1
-1
-1
-1
-1
-1
9835
-1
9039
-1
-1
-1
9120
9854
-1
-1
-1
-1
9773
9399
-1
-1
9465
-1
-1
-1
-1
9085
9376
-1
-1
-1
-1
9002
-1
-1
9142
-1
9426
-1
9473
-1
9668
9129
9014
-1
-1
-1
-1
9354
-1
9526
-1
-1
-1
-1
9342
9869
-1
-1
-1
-1
9028
9587
-1
9629
-1
-1
9873
9455
9266
9402
9710
-1
-1
9492
-1
-1
9971
9494
9614
9068
-1
9403
9467
-1
9918
-1
-1
-1
9744
-1
-1
-1
9310
-1
-1
9139
-1
-1
-1
9915
-1
9218
-1
-1
-1
-1
9571
9704
9081
9891
-1
-1
-1
9160
-1
-1
-1
-1
9363
9863
9662
-1
-1
9966
9439
9115
-1
9888
9672
9677
9094
-1
-1
9446
9239
9282
-1
-1
-1
-1
-1
9543
9766
9512
9774
9174
-1
-1
9692
-1
9921
9753
-1
-1
9514
-1
-1
-1
-1
9864
9603
9056
9337
9482
9861
-1
9249
9046
9885
-1
9894
9318
9243
-1
-1
9840
9999
9902
-1
-1
-1
-1
-1
9173
9682
9682
-1
-1
9765
9771
9360
-1
-1
9944
9613
9434
9439
-1
9956
-1
9059
9326
9089
-1
9410
9119
9000
-1
-1
9490
-1
9609
9400
9438
9594
-1
9148
9353
9483
9821
9482
-1
9607
9842
9936
-1
-1
9678
9635
-1
9310
9346
9091
-1
9476
-1
-1
9739
-1
9766
9596
-1
9154
9291
-1
-1
-1
9098
9173
9866
-1
9068
-1
9203
9060
9822
-1
-1
9990
9507
9878
9097
9465
-1
9315
9443
-1
-1
9458
9450
-1
9878
9565
-1
-1
-1
9412
-1
-1
-1
-1
9910
9108
9991
-1
-1
9519
9350
-1
9320
9963
-1
-1
9044
-1
-1
9667
-1
9917
9188
-1
-1
-1
9672
9575
-1
-1
-1
9250
9704
-1
-1
-1
-1
9560
9247
9859
9799
9733
9905
-1
9075
9144
9652
9045
9242
-1
9478
9033
9702
-1
9116
9834
9552
-1
9424
-1
-1
9523
9852
-1
9354
-1
9597
9410
-1
-1
9245
-1
9701
9685
-1
9652
9623
9199
9516
9717
9161
9214
9965
9072
-1
-1
9307
9419
9907
-1
-1
9332
9855
-1
9168
-1
-1
9225
9137
-1
-1
9085
-1
9897
-1
9609
-1
9189
-1
-1
9350
-1
-1
-1
-1
9206
-1
9297
9501
-1
9133
-1
-1
-1
9049
9921
9450
9809
-1
9319
-1
9256
-1
9205
9295
9567
-1
9524
9777
-1
-1
-1
-1
-1
9497
9899
9119
-1
9760
-1
9329
9992
-1
9273
-1
9334
-1
9808
-1
9365
9665
-1
-1
-1
9518
9597
9895
9129
9611
9683
-1
-1
9763
-1
-1
-1
-1
-1
9090
9180
-1
9286
9057
-1
9152
9084
9311
-1
-1
-1
9600
9584
9647
9111
9657
-1
9028
9441
9787
9919
9067
-1
-1
-1
-1
-1
-1
9607
9940
-1
-1
-1
9972
-1
-1
9470
-1
9385
9442
-1
-1
9384
-1
-1
9140
-1
9494
-1
-1
-1
-1
-1
9194
9679
-1
-1
-1
9744
-1
9320
9622
-1
-1
9480
-1
9128
9916
9525
-1
-1
9449
9085
9621
-1
9901
-1
-1
-1
9490
-1
-1
9912
-1
-1
-1
-1
-1
9323
9309
-1
9489
-1
-1
-1
-1
9146
9161
-1
-1
-1
9849
9988
-1
-1
9763
-1
9383
-1
-1
9585
-1
9936
9490
-1
9696
9640
-1
-1
-1
-1
-1
-1
-1
-1
-1
9631
9037
9126
-1
9591
9222
-1
9195
-1
-1
9501
-1
9447
9910
-1
-1
-1
9384
9941
9568
-1
-1
-1
9398
9911
9424
9851
-1
-1
9495
9531
9005
-1
-1
9816
-1
-1
9617
-1
9307
-1
-1
9092
-1
-1
9909
-1
-1
-1
9359
-1
-1
-1
-1
-1
9435
9770
9070
-1
9178
-1
-1
-1
9797
-1
-1
9012
9448
-1
9040
9078
9248
9375
9255
-1
9372
9640
-1
-1
9645
-1
9772
-1
9511
-1
9123
-1
-1
9431
-1
9764
9236
9121
-1
9645
9343
9012
9918
9852
9392
9097
9262
-1
-1
-1
9504
-1
9579
9465
9931
-1
-1
9835
9638
9047
9347
-1
-1
9567
-1
9554
-1
9612
9803
9718
-1
9942
-1
9676
9338
9994
-1
9883
9586
-1
-1
9897
-1
-1
9570
-1
9342
9569
9690
-1
-1
9498
-1
-1
9300
-1
-1
-1
9324
-1
9485
-1
9656
-1
9874
9537
9069
9491
-1
-1
9045
-1
9375
9401
-1
-1
-1
-1
-1
9062
-1
9492
-1
-1
-1
9540
-1
9380
-1
-1
9478
-1
9955
-1
-1
-1
-1
-1
9386
9487
9027
-1
9070
-1
-1
-1
9221
9922
9774
-1
9794
-1
-1
-1
9771
-1
-1
9914
-1
-1
-1
9584
9232
-1
-1
9025
-1
9157
-1
-1
-1
-1
9148
9658
9726
9886
-1
9423
9311
9883
9914
9487
9237
-1
-1
-1
9587
-1
-1
9679
9690
9705
9381
9913
-1
9447
9014
9871
9573
9844
9102
-1
9014
9130
9297
9447
-1
9245
-1
9258
-1
-1
-1
-1
9199
9536
-1
9016
9103
-1
9826
-1
-1
-1
-1
9976
-1
-1
9250
-1
9705
-1
-1
9583
-1
9371
-1
9962
9945
-1
9121
-1
-1
-1
-1
-1
-1
9393
9265
-1
-1
9151
-1
-1
-1
-1
-1
-1
9515
-1
-1
9303
9687
-1
-1
9628
9360
9717
-1
9825
9582
9207
9035
9413
9123
-1
9282
9102
9780
9029
9083
9299
-1
9144
9045
9579
-1
-1
-1
9882
9773
9331
9062
-1
9993
-1
-1
9434
9448
-1
-1
-1
-1
-1
9758
-1
9960
9834
-1
-1
9807
-1
-1
-1
9831
9222
-1
9545
-1
9615
-1
-1
9335
9210
-1
9780
9190
-1
9579
9318
9454
-1
-1
-1
-1
-1
-1
-1
-1
9615
