209
6755
9594
52
5198
230
211
6479
9868
9119
3832
1314
6418
7784
2854
5664
5738
2666
5012
2254
695
5881
3596
5234
8390
8565
3644
5630
47
5891
2700
7829
7501
5444
8371
1476
841
2510
169
1035
8104
2414
1883
174
1776
2860
773
9881
3436
8031
6568
4047
5676
6599
9495
7865
3836
8314
9805
5599
4044
4145
6745
2973
300
8330
3882
1431
9527
7928
4464
2040
3510
286
3303
486
9812
5531
5136
6401
3560
8805
2016
6606
1555
9446
3338
6432
2920
5243
3651
2789
5049
8595
6639
1773
4438
1267
8564
5853
1394
5705
8563
4064
1827
5711
5551
2772
3959
7508
6899
6618
8303
1429
8637
4318
8652
1295
1854
1986
4173
5771
7829
9593
3034
4777
408
1794
3694
1922
55
4944
4897
7683
8293
499
362
7710
3039
1410
9464
6896
878
985
3452
2651
2108
6939
6
2099
5185
7708
748
3883
4919
521
241
665
8229
5048
2030
525
2823
4265
7775
6827
3943
8400
5268
1600
9334
6273
3110
4633
7695
5678
1317
6152
1686
2395
3007
3474
3258
763
9196
8763
9567
3257
1521
6814
6125
6030
5551
9670
9693
2918
3727
9636
3086
3607
3842
2231
9618
9384
4555
3031
2420
9095
6342
1112
2172
7922
7678
9625
5935
9961
3135
7276
4314
1198
6754
8590
1457
2766
1644
3728
2764
5221
5447
7498
3891
5427
9947
7515
7958
1359
2535
1038
6570
5069
5048
723
7699
2616
4388
2038
3039
560
7879
3722
3773
8967
9542
9204
7955
7843
8138
4236
8742
6420
3440
468
1636
6191
4575
9746
6757
5454
9279
5139
8974
496
6889
8
2144
1348
2029
2742
5388
9431
3383
7473
4536
247
3628
6327
7897
6390
4856
2258
8917
3838
4058
2796
1683
7961
4722
9
7126
3632
1770
6044
9616
8287
6014
1848
9772
3437
3415
2819
9623
1091
5948
6097
542
9149
963
2339
9255
6297
7306
9661
7887
8749
8917
693
6169
8638
9061
4896
3635
2448
5567
450
7283
8008
3268
5309
6359
4825
808
8808
1346
5708
7173
1592
5689
2498
1774
4622
9504
6812
6570
5201
1985
1284
7439
4041
2878
5864
3923
7043
138
8505
8189
4526
4155
8362
9767
299
5540
8314
9428
5633
6917
8035
348
4310
5762
2810
9813
806
3777
2973
7346
2572
1159
2409
1914
1826
441
5820
9330
9699
5453
2769
711
9035
2535
384
2139
5959
2077
5675
1985
2124
3808
1797
5746
9953
5718
3925
3855
2944
2764
4269
8555
1581
3184
6172
3412
3021
9537
1805
5252
5652
4344
2958
9262
788
5542
1797
8416
7810
4874
9962
2618
4754
7928
5497
3319
2804
7382
9422
4097
1345
4742
1950
1092
5956
1865
4749
234
7963
9848
7151
6302
7040
2899
2009
8806
8063
3851
5290
4210
6964
8560
3896
996
3911
7880
1691
1179
5935
9996
3830
2543
2476
3813
777
7396
1829
4199
234
7821
5970
9895
8379
2226
9709
8905
994
475
7204
6737
8213
8362
3814
6557
5629
1070
8549
3280
1668
5700
4695
2122
2536
7367
4004
3950
4258
5575
2515
1429
7648
8832
947
1748
7867
3869
3998
3742
4508
1925
2081
8073
8080
3129
5594
4239
3592
7648
5817
7278
3143
525
3518
1867
6963
131
4918
7162
6938
4228
9767
5921
1398
6569
800
7665
1358
1283
5860
5909
4125
6320
9350
9693
5473
1311
4521
6700
4159
5154
1244
3852
1984
3123
2613
5238
1214
8401
4943
4829
295
895
6415
4077
6626
4528
3878
2891
9342
4563
4984
2990
4961
8792
6218
2652
6548
9469
6526
3375
6965
5403
1705
4162
8931
8242
1374
3652
1068
4259
975
8618
9982
2590
4748
7501
9667
9532
1110
1764
1067
979
7175
5472
3940
7807
5419
9022
7739
5171
9071
3230
3622
8157
8329
1916
7589
1423
9375
9870
258
5017
5283
4427
1690
8086
3217
7716
2800
3968
9076
5800
4826
7641
6278
8504
158
9643
5248
1576
2775
4535
8974
6518
982
4563
9497
3801
2342
1083
7529
4225
2768
4600
4377
8117
9093
7157
1529
6961
8286
1113
1142
5051
4279
6427
6811
6828
8931
2933
7446
9369
9752
9962
6661
371
1021
1555
3407
3403
7632
6831
5081
8109
5461
2273
1378
3662
5574
7147
942
5154
1590
199
9655
4655
3827
7732
3711
955
2055
4273
7224
1260
3585
2902
5623
6536
3932
3887
3452
9981
1081
696
9760
3056
9222
9047
582
3510
2070
9473
139
4967
3240
4109
7934
1536
1080
3110
2507
9486
624
4273
9452
2192
4745
9789
8590
5337
5993
7596
5958
703
427
4136
2296
9194
4358
513
1219
3324
6664
5100
4576
3017
3038
1663
9255
9113
5193
9151
6511
6646
3570
4021
8541
7241
6753
8296
8169
8647
4162
9929
6053
5219
4022
7378
9820
6191
3553
1147
8800
4001
4001
7174
4924
4355
1287
7561
1149
5152
3762
5754
9108
5781
3553
9371
5221
479
9466
8179
8397
7562
5402
4983
1807
457
6547
3548
8305
4129
6070
9475
368
8291
669
410
6441
2513
3324
58
8270
8685
4048
9421
8847
8708
4112
7498
6909
4805
304
9369
4934
1613
5219
3611
3915
5208
3040
1258
5638
677
1542
1412
5653
4769
7132
6983
2779
2291
9103
4666
274
3410
2440
3344
3117
3523
8012
4988
532
1711
618
5444
5530
4481
8234
4355
661
4380
445
7514
9927
5592
8519
7359
4572
1209
2335
1965
5031
2398
2453
2401
6874
5764
1786
1797
4587
7502
3310
2574
215
5991
9132
7632
7342
1084
5242
5944
7675
4343
5317
7480
9167
6073
9087
5525
7166
1461
4526
7053
8519
4568
5463
3963
9304
6785
3081
6927
6292
623
9623
8427
8022
4322
4613
4029
4537
38
8866
7771
1433
8147
4924
6619
2094
1083
4205
4278
7274
7204
2840
6609
6365
9751
7021
4939
565
525
8486
7807
5327
229
5400
1951
3305
6779
5641
9315
7019
3450
4196
8151
668
1953
4146
4201
4086
4307
7953
8357
3545
3285
2243
7452
1867
3904
5198
7821
4292
1043
2268
7763
3340
824
7160
4745
9816
3717
4373
6766
8150
1163
1627
3321
9586
357
7206
6857
1078
6820
561
1398
8284
9615
1627
6041
5254
9545
5305
413
923
9347
8613
7238
5677
233
1678
1702
1678
5702
3774
1587
2357
5575
1657
9915
2083
6189
1987
59
428
1781
7185
6680
2308
8503
728
6825
3636
5902
4923
3571
3940
7616
8348
1679
4129
6815
7708
8163
733
2984
11
1305
2010
4096
1669
1759
3054
7900
8982
8813
2637
2919
5529
750
3663
2572
8493
9348
6087
5371
8740
3744
3262
1302
3793
4654
3619
7676
465
1977
7127
1181
112
6866
1874
7621
4689
7179
4175
8494
6634
2380
5366
8565
5746
1826
7312
228
7897
3393
3926
2526
3882
1892
7434
2849
4810
1288
6399
5759
7135
4094
3944
4562
1226
7134
9547
2710
4873
2467
4369
9813
2932
8004
2651
7019
2043
253
3448
1685
5853
8922
1036
6109
2014
7795
7795
3182
943
1233
9624
8988
3240
559
9030
2172
4723
2845
4090
3247
2735
5823
940
4737
7419
3663
3862
1529
9001
6239
3223
1834
8733
9949
5288
8449
5337
6817
9047
9078
2716
1430
555
8747
208
171
1641
4596
4152
7728
5859
1318
1119
3316
8237
4731
6162
3884
7540
3781
9850
5012
6228
7523
2142
4332
1333
9285
5558
3106
5564
9847
5484
4946
3849
9600
6478
8144
7009
6746
3560
7431
5509
3982
3190
2383
9740
2943
5214
2760
9052
8672
8852
6091
8268
5569
1428
5405
5063
9274
122
9803
2478
3437
5690
781
1921
631
6007
9523
7730
6347
7191
5408
4558
3592
2543
6571
2701
7779
4320
321
579
9852
8930
2962
7103
5614
4179
1324
9568
1673
716
8160
646
4368
526
5479
3848
4106
5004
7735
7594
6102
9153
8037
3055
4064
7233
319
9648
748
5892
7444
9270
6053
601
5980
1313
6476
7499
1794
7910
916
4311
2857
7667
7384
8197
5852
6524
4895
6051
7746
8481
9242
3346
2589
4614
5921
4090
9744
5488
1490
7390
531
8035
160
6093
11
5530
1029
8741
8749
2270
9073
3452
7877
6428
9042
1219
1787
4567
8429
8323
8560
5682
4182
8528
5037
9894
6222
3171
8711
4612
4124
8889
419
9830
5440
1973
8203
7099
5120
5007
8979
185
5752
3748
1659
456
1057
6994
9277
6920
289
727
4335
6838
5359
2527
3486
6283
6035
7439
9051
3161
3047
7970
296
6052
5022
7846
8718
4956
1783
8603
3354
6100
1283
5895
9922
6790
1644
3196
3844
2709
8981
6428
5945
613
8099
1886
6418
3769
1357
7772
5650
4717
5753
4318
7977
3228
1040
3175
5802
8753
7213
9256
700
6141
2174
2758
7830
1619
2558
1987
8818
4436
4765
4463
4622
4604
7695
2308
5116
6158
1316
6653
7255
2257
880
2067
1605
5639
1228
5379
4309
9876
8210
3949
1589
5600
7484
2305
3798
9480
5657
7986
9884
2336
4193
1298
818
4381
5103
7969
743
1348
6635
7906
1566
8444
8528
5860
8053
5144
5855
9014
1224
8936
2440
6692
3918
5907
7993
8623
1320
4469
360
3978
129
5290
8626
7711
5175
5020
1582
8433
3225
4644
765
3743
801
3933
2806
9697
2640
1074
3168
7947
6920
3242
7534
8511
3055
3917
6881
2876
2514
1916
9897
7911
8520
3562
665
5113
2965
7684
2565
6771
3049
9041
9185
1933
4368
4994
4199
4402
2969
3616
9673
4652
8516
4767
2400
2596
4833
2143
407
7452
2122
8921
2432
3105
2039
3226
4327
998
4911
6619
1663
763
8771
1836
211
4721
4720
6159
9342
4669
9959
2614
351
1905
6342
3112
6018
3908
5765
5705
3390
4918
3606
6433
4180
5997
6110
4048
5358
2337
4055
9875
9330
8810
4592
8198
7231
9498
3748
2301
6489
9740
8671
7663
8573
9487
2117
7517
4838
1535
4120
2922
3692
3081
5154
8903
5647
6524
2310
9344
7900
6315
1272
7350
6188
3285
4664
4957
5351
4335
7062
9555
462
3934
1280
8849
1284
6860
4986
2038
472
8288
4677
1856
3412
811
1308
5918
5080
3886
7419
3834
6273
7718
7134
4980
2120
179
8054
4848
3986
7530
5771
7146
9991
5351
312
9655
5792
6965
9706
935
2670
962
4755
127
9987
9308
6834
9258
4120
609
6345
7383
1325
587
8193
3586
1058
5163
553
6616
6939
4170
2169
11
9868
3340
4525
9494
9542
7780
1255
2792
3944
4655
9254
6682
790
4648
6043
7916
6681
1227
1384
7551
5379
8837
7433
2463
7316
5502
7643
5395
1604
5682
6690
4505
3149
484
8460
5062
9906
3169
9928
9446
2226
9342
3835
2966
7747
151
1171
18
4286
2929
296
8188
607
9836
2345
3902
484
6505
8332
7812
3384
9050
4441
7204
3985
233
9322
5006
5537
7426
4727
1111
1456
3702
9605
359
8105
3103
2887
1991
3645
1448
4576
4761
292
6155
6397
655
4436
3242
1460
2354
4755
6010
9392
9350
9867
8161
4150
4466
9381
7108
4740
2633
1777
6056
4734
6621
288
794
7193
4875
6856
1632
6399
1699
2261
5608
1418
2777
6079
2146
9174
3014
9517
4629
4125
2729
1540
10
662
4505
2067
4692
779
6487
5863
1078
8674
4768
5651
1300
1927
5184
497
8851
2578
9966
8959
2441
8287
2975
3135
1933
6952
7046
8213
8848
8507
9907
7009
2373
5356
1230
7864
479
4961
2047
2411
9974
7841
2894
6197
8904
2019
9755
5664
3174
521
6569
7461
5777
6238
7389
915
9733
7922
4801
4450
7104
7924
9683
584
9346
805
1202
1864
5336
5069
7998
4054
6551
9766
4703
6547
4264
4586
1189
9928
2272
1805
4913
8909
4544
9536
2482
3139
2619
9776
9720
905
73
3136
7145
3371
9083
8762
6891
7482
5086
3633
8564
3800
899
8310
9372
3572
9633
5410
7004
4934
6671
587
9328
7487
4385
6603
2917
9235
1602
8584
3925
4116
1523
242
5010
3290
3104
8883
7270
8549
8683
3912
8049
9721
991
609
6379
188
7037
5124
6968
3430
883
1553
3312
1922
4671
8974
7171
1906
5128
9373
626
9868
9459
2591
279
7547
1746
9922
2884
8165
3599
653
7600
177
2775
1022
8036
7797
6957
9322
1157
2121
289
1127
9091
9546
7149
1060
2925
9265
2200
1059
4006
916
1427
4009
4351
1150
8378
9641
1068
3688
4394
5153
4112
2773
5807
2808
8760
7988
1040
9937
1841
4912
3903
4693
4257
7293
8093
9748
7784
3989
9192
2660
6849
7525
1040
4755
4270
279
8611
8816
2874
3827
7084
5120
3048
3508
9638
4283
9100
2909
4034
5529
9193
6361
4187
2941
1231
3411
8765
2974
3913
2454
3184
8567
8933
381
4216
5821
2069
5270
8920
7078
7600
7745
9975
3606
9284
7223
8405
1717
7832
5017
7739
4986
8957
7579
6709
1465
1275
7171
6445
487
7644
2707
1122
7489
8793
6647
361
7178
6436
4070
5487
343
3855
2107
825
1175
1794
2647
5556
9850
4377
2992
8800
7115
1846
8149
8945
2613
408
3756
9856
68
6817
7631
4239
5491
7773
6598
7511
4565
3617
455
657
303
151
309
8932
724
3960
3008
850
5543
5861
2425
9426
368
5506
1705
1158
9504
8099
4199
4452
9466
8075
747
4297
6467
7597
9250
5645
2571
7986
981
6846
3417
3528
3234
5907
4519
5378
6872
2179
5372
9886
6126
3624
7609
2216
9878
7752
3971
7023
5013
8529
9432
3526
4939
8420
2466
9086
6764
6575
9259
5564
7568
1553
1237
5845
2844
7489
1151
1570
9103
253
8875
1699
4538
3377
9604
9236
9960
7923
6866
8343
7379
2531
2288
6011
8811
1696
6151
6829
566
6965
9873
1934
8218
5551
7570
455
1988
8297
1736
3719
4272
5855
478
6978
7855
7873
495
2067
7998
6018
3149
4088
1410
8584
7712
7157
7924
7748
7627
4042
4357
9106
6177
6663
1768
3863
9082
6446
7706
787
2274
9175
6521
4359
1793
3148
5895
9398
5673
4387
5427
615
7004
9991
1033
3696
7421
3293
8798
1674
1953
7967
8300
3263
407
9094
4242
4421
1705
4162
9660
5282
8230
5798
7788
2002
9226
4763
7213
357
9455
1805
7058
6153
9462
853
9116
2203
1943
7491
1163
4134
8379
8597
4148
3842
7861
4296
6750
2222
7578
1239
3651
9528
4013
7547
1328
3420
8433
4034
728
5528
5233
9506
5175
1155
8092
5113
5004
9435
5500
5883
7590
4612
9038
43
2356
4787
2265
4514
2963
2334
5530
7578
7140
5180
6412
4631
9589
557
5032
5524
5998
3894
5987
6907
7420
4888
9851
2111
828
4819
3971
6106
4206
5904
395
4296
2129
9826
4263
124
5882
2288
4533
9946
6598
5071
4858
7489
9047
5239
1826
7988
6387
3481
1191
9077
7962
2747
3470
8948
8573
5609
3295
5853
9815
6607
7700
4990
5141
1138
6007
1702
3606
3327
751
1702
2040
9193
8603
926
6490
9606
3184
8895
1862
6791
968
1446
189
5057
406
9636
9739
1251
8960
9370
5869
1544
2898
9412
1776
3104
3252
755
9325
2449
920
5851
278
5691
3550
2461
7022
8015
2123
2657
2974
5814
6089
8865
1411
3164
7690
3808
169
6728
1973
9798
8332
9806
921
2786
5222
4401
3557
6223
5592
2027
4306
1780
2540
3668
1293
6723
2414
1102
1055
107
3771
2605
9997
4142
3617
5859
3340
5071
2673
4487
9943
8663
3713
5376
4163
372
6895
8667
8733
7573
1673
1111
3213
9542
1533
5013
3857
31
6348
3960
722
1417
2096
2188
4703
2382
6
8894
8919
5277
6534
9965
5227
7019
4018
1556
8672
5958
4440
6
437
3574
9322
2274
4768
7755
9649
2687
558
3151
2096
7109
717
876
6235
7594
7981
2775
5009
6409
892
4413
3240
9238
3721
3688
6788
4261
3577
7668
4353
9588
6110
5393
7288
6146
1654
4955
729
5924
4022
1502
7401
6671
438
6376
6555
3006
9559
9113
1516
1417
8925
384
532
1063
9803
8298
3580
6097
6909
3376
3431
8681
4828
5668
3778
2025
6435
2641
4013
2448
4488
8746
5268
7257
2244
5699
1172
5163
3871
4531
6017
6764
8792
5372
1466
8637
1483
434
7802
2685
6222
7973
1359
6015
9156
4230
3851
6277
8611
2809
6875
5333
8207
3530
7710
6443
1038
5120
6684
5008
1547
7135
5567
4680
1874
5967
411
8727
7266
4650
113
2609
533
7556
3539
7631
2305
1539
9890
5664
630
5273
5824
8632
2876
9656
9181
6041
8602
9431
8672
5853
7262
6119
6111
594
3124
5717
634
1988
9028
5196
3893
2765
1216
4425
6676
977
7789
8224
4635
7661
7509
1286
8291
7448
5664
6065
1003
7506
8853
4189
381
6181
1714
1278
3363
3835
7365
1572
991
4678
6017
4050
7741
7732
7637
2025
3467
520
9885
390
4713
9235
6746
4727
9656
966
1298
2049
3707
9685
3932
3598
6490
7821
926
3416
3574
3285
4043
4013
3598
5779
424
8543
5429
8329
1426
405
1217
2818
4316
4739
2771
6959
7496
6494
4578
3872
4596
2594
6471
6876
9527
5680
8139
1559
2710
985
2629
4630
4522
5085
5206
4331
6103
2579
6299
950
9446
7274
420
9124
787
3675
2720
7275
9150
2670
7846
5324
3108
3009
8473
7510
3335
5950
7969
246
4424
5140
4075
2159
2836
3299
2035
9096
3406
1559
4260
2335
3107
656
9097
3291
2478
591
6430
5687
7197
8790
9719
4362
5875
7976
2986
2756
5037
9573
8036
4181
8946
4018
8673
7190
1586
4670
8623
275
4739
5582
5567
3625
871
7408
327
2617
3554
8529
2799
5916
7072
1491
4852
2209
3767
6476
267
2879
4626
977
8173
6728
2333
7493
6483
962
2689
4088
8300
8119
8902
5218
5513
8653
6265
9801
3575
1577
9491
4028
9295
255
9618
4758
4785
5873
3292
6382
230
1733
165
8889
2127
293
192
6626
2181
6389
8710
4739
8914
2455
1909
8558
4850
3500
1511
3302
1091
3314
3952
4823
7940
1444
2213
7696
8071
4428
7695
2853
6264
4258
1429
2236
7872
865
2190
9903
6997
6223
6755
4467
4293
9537
6785
6476
3951
1287
1346
8915
6361
1395
7144
6985
3848
9655
2320
7426
5069
5268
5877
3881
3887
5135
3374
4376
943
156
566
3914
3399
4356
666
4644
4121
9440
2331
1967
9114
8120
2926
2567
8535
2946
4036
1663
1102
6352
2433
1897
4324
3405
6317
8402
5549
587
739
7770
8857
2741
9425
3004
1904
7150
9576
7967
874
4713
3267
6543
6645
4432
8916
9165
7719
4229
5065
6293
1398
1214
9716
7575
9127
490
4114
5565
2458
8050
5065
8680
620
7134
1971
3887
2735
2132
5395
7419
979
9381
8601
6516
2143
7249
6235
6624
7547
8616
5402
4279
3971
6671
6310
363
5075
6048
4060
7588
8876
187
9852
6004
9774
7881
5123
8517
2973
3593
884
524
2696
1204
8733
5431
6087
7844
4639
9977
2482
4842
1597
2924
7890
6502
7542
5229
8904
1970
3631
7836
2156
8395
6721
7160
1734
5749
2177
4877
3738
4451
5291
9725
2314
8497
6547
1844
3847
3327
1010
8761
9950
5054
59
1314
7668
9832
9682
4040
4365
4016
629
7899
2831
5729
993
8812
3606
9370
3483
2406
1571
9149
4070
8388
931
6089
8102
9913
8093
616
9109
2815
9259
998
4096
6359
1909
8954
8445
4335
7247
8268
5908
9051
4828
6488
282
4545
888
849
5206
9959
5056
2015
9916
8666
9264
1633
4434
7732
321
2065
7044
5480
3421
2861
1059
4938
2417
4155
3380
7750
3260
3580
2666
4747
6458
5862
3482
704
462
406
5547
4715
5401
6370
2122
7731
3088
2245
7215
2478
837
3293
8028
566
2648
5536
8552
9654
9256
9346
454
6903
1472
2307
5084
7563
2106
3023
5782
9315
1591
1305
8925
7622
23
8480
2495
4699
9242
4414
1052
1789
3592
6090
6500
9621
3390
4830
5882
7207
5917
370
4485
6340
4885
3089
1651
1483
374
1354
307
9754
3487
3997
1498
3266
6180
6239
6134
1336
6442
7793
2728
4426
7521
6593
8580
4946
4269
8206
8088
5247
2378
2471
681
5455
6983
9302
6543
1963
2456
8348
7067
3401
8824
1900
5374
4835
5207
5840
5613
5319
1196
1663
9041
3541
7154
9130
1940
2001
2913
3683
7351
2905
426
2873
513
9264
3270
831
2747
9119
9119
7389
2102
1110
3173
9892
4885
8738
6881
7242
4342
2593
3267
3170
3804
9298
3295
6134
4718
2685
671
8576
3729
3613
9204
8541
1095
5602
5082
3505
6774
2770
7843
948
4546
6366
1181
4471
6046
7327
7800
8821
206
8276
1255
315
6729
8491
3157
7689
8212
4899
7562
3834
732
6050
7578
1204
9170
3511
6668
3025
6128
2910
2130
6490
4591
893
5354
9280
4113
9198
8236
9714
4711
8700
3455
3546
9796
9059
2774
4222
3222
9855
4990
9919
8583
9377
7932
8842
6075
1520
4777
6795
3916
9235
3539
7374
426
5485
9835
1588
8466
8529
1186
2703
8725
5518
8919
4124
4485
6579
2753
7027
7332
9197
2169
4684
9530
1736
8013
1830
1772
9433
7731
688
5561
8292
303
3589
6603
6579
1586
6556
7051
4984
6594
3482
866
2811
4303
6262
9825
1192
9403
5460
6808
5292
8203
3714
2614
1525
1214
5974
2090
9388
8180
4318
390
4467
773
7361
8267
3247
1448
4656
7606
5126
8053
2130
4983
2037
3709
3404
1190
8604
9052
4143
4281
7830
854
3835
4551
6246
9796
4193
2382
4973
4672
5192
9352
3638
476
6138
5288
6397
6199
1097
8937
748
1298
2876
5170
9810
9838
8365
6579
6273
9149
2494
939
3791
4420
8503
2333
5419
6538
2798
5714
6337
2301
5902
2963
6630
8496
3319
7449
4073
8241
2153
4318
2784
5828
4964
5759
9501
2163
3374
4981
45
8809
7183
386
8787
7488
5764
5575
6261
9376
9212
9600
250
7438
5054
7644
795
7161
2318
6073
4388
4943
7535
2798
1448
8688
5855
6031
6974
466
735
6856
2785
1048
2369
4313
7863
2384
3990
5795
8460
4288
2685
5879
421
7939
3653
4319
2894
4849
8591
6929
7483
1475
2343
4000
2154
3816
4840
6677
9968
9184
2419
8767
4326
1059
8013
2310
3149
9366
8834
4241
4351
6043
8308
2128
389
1768
9256
5723
1350
3789
1030
4945
379
8106
3932
9043
1179
253
3849
4196
4623
1425
4862
1913
8059
9920
1106
9223
8233
5220
85
4275
4362
8428
7027
1852
4527
3115
3603
7214
3526
8131
434
4102
130
9209
5352
2068
3944
4960
2246
1422
1531
7771
6116
5706
5323
4800
2512
3290
4085
6979
398
7896
195
1794
164
4478
9320
7031
5361
2931
9030
2436
2524
9578
1040
4429
3969
2745
8595
7426
1247
3163
3170
3095
3617
4825
6645
2865
9680
3182
2784
2469
1930
2606
1371
6894
438
4469
9131
727
5864
8132
1228
2424
495
1492
2203
9274
9360
2774
3347
916
6277
5900
2868
1212
7289
6283
3916
5187
7374
8668
4544
9457
8384
9598
61
8541
1436
1522
9177
8527
196
7058
9221
110
797
7112
1795
969
4153
487
797
431
5987
8366
5646
6067
6583
4462
3921
9329
3540
4038
1652
4737
5083
4125
8524
5572
9236
4408
6978
221
8501
2416
7311
2019
4370
564
4477
3643
6788
8894
74
2981
3033
9973
6838
3279
9835
111
1969
1923
5251
8282
2152
2610
5562
9677
7789
717
7522
1808
1451
6169
5710
3074
9613
3499
733
7994
2367
3666
4046
4217
7092
2168
44
914
2992
8286
894
7347
9709
829
648
6893
8471
3250
7270
1693
1301
7029
4175
5931
2345
5528
2696
8189
3738
3740
6072
5333
6083
4242
8821
5683
3221
111
7487
3591
8357
5257
8674
6697
7416
5871
5095
3622
8037
2061
6249
6773
4261
6992
4126
3640
2439
4932
1464
8595
5407
1355
5373
8317
810
4227
4847
3241
12
2786
2885
672
5710
9539
4606
5502
4418
5150
6170
6545
8512
9438
7026
1416
2992
7507
4791
9577
4641
8623
3554
9355
6180
592
1892
8082
89
2667
9723
3802
8989
1421
7831
6036
8350
7605
7938
1200
8934
9920
4075
8299
5044
7025
1479
1824
5082
2247
4100
1874
1362
1326
1784
9613
409
1754
7234
9501
2718
5944
9218
6980
7797
3279
4799
1455
2990
7151
4923
9330
594
2183
9931
4401
853
7165
4593
6002
4465
2529
5485
9416
774
1559
6153
9219
2168
4140
8376
2211
4301
8592
1187
2879
8314
1906
794
9766
9709
5570
3770
3624
7867
8816
6627
5411
4297
3530
5459
9432
4684
6491
3582
8801
756
4773
6136
5601
4876
2673
1133
7664
5694
9368
6675
9931
8152
1730
4212
3313
2940
6012
3372
9904
9879
6877
9877
9819
5411
5555
2307
7377
5123
8143
3182
6471
2554
5343
9544
9655
5474
3631
2854
5765
6649
2930
330
4626
2344
1198
6427
6018
3364
8595
1483
6813
7948
6388
2193
3935
7727
3894
3968
3441
655
1732
6298
9411
2033
3880
5641
4244
2671
8321
1837
1348
3294
2095
6144
8077
7252
426
385
6886
5041
2245
1160
7374
1550
6134
9486
4536
5578
1479
5570
9050
9451
703
1978
4545
8858
8451
4989
9677
5012
491
3658
9329
7997
2773
6608
6500
1988
3192
9172
1668
4547
4534
2760
8754
6875
8900
465
2937
5170
459
1749
1386
2261
9835
3120
8466
7464
2090
7736
7747
8823
4408
8025
7627
3197
3089
7111
8310
1189
9097
2062
9281
27
1247
9061
1308
375
9998
1452
1404
3408
3497
3153
777
6609
7297
7388
7838
3926
3995
5149
9273
6526
5897
2088
3599
6442
5489
4955
9732
1670
3552
1360
3867
5615
5223
9200
2923
898
6961
3525
9413
7236
6942
5587
1414
9161
1837
6828
6778
987
4276
7963
4373
5729
1780
2159
7771
1131
814
1418
5846
3379
6058
8952
8981
2556
8578
8152
6143
5097
3056
2339
5261
7676
2781
2712
3257
2550
6859
7354
8236
3718
5378
2469
2413
5718
5497
8416
9978
4831
7997
7660
6697
8420
1301
6906
3960
7635
4838
9473
2077
2876
6612
3033
2341
8433
2403
9796
3691
5344
490
8568
6882
9090
1592
2729
1666
3433
3318
3671
4434
8385
2286
7140
1573
484
2506
5462
2226
2785
5410
1534
3789
6011
948
144
3824
5357
6619
2679
9637
4584
3636
5005
9270
2332
7736
3383
1381
7591
4509
8706
2991
7423
2139
627
5496
6557
6774
6946
5102
5178
6371
1779
6929
3617
6147
7474
3994
5892
4772
6419
3019
97
6454
944
6416
7384
9105
3238
7538
1823
7402
1996
6136
1749
2970
7180
4307
73
8631
7636
1342
2132
1251
3311
8199
3812
9167
3374
1184
3181
6065
7109
1918
5331
9148
4539
3715
3067
56
6658
6302
8241
2672
4959
176
2859
6441
8708
5578
4612
1558
4787
4011
7525
9812
6139
7015
114
268
3108
4926
3746
9183
6520
6660
4955
5346
496
6351
477
8463
1156
784
1651
5406
9581
7466
5667
3429
303
480
5139
3557
1237
1768
8664
7864
1533
3951
6623
7214
9248
5736
4598
2002
7499
8030
9018
9234
3587
4983
5553
6992
4882
5582
5033
7668
4909
2584
159
1830
5951
1419
5740
8880
2989
9092
8253
1790
4223
5450
7566
689
2673
2974
3614
9097
5183
5104
5696
1326
8700
26
9277
4018
4289
9820
1991
6234
5124
6508
8146
4102
522
4824
9205
9922
5142
2695
8667
7924
3030
6753
7136
9460
8137
2946
8927
5760
7438
6047
9344
3338
2452
2884
3702
9875
1825
976
3137
2124
6345
8824
7129
8802
9699
2657
5704
8092
1130
1533
4843
3269
4167
6370
8115
566
657
8819
7110
5985
8696
2943
6257
3524
4574
5946
4422
1151
3720
8699
8488
7571
6142
638
6989
2319
1102
2720
6272
135
6781
1310
1786
653
5526
2828
3207
8282
9175
2889
1816
9086
7577
4017
988
1932
1906
2749
9752
234
819
7257
9818
7568
3345
428
7881
6043
8486
738
8308
4896
2204
3313
4794
7303
1278
2894
7513
2719
8080
614
2982
6969
6825
3780
8173
7822
7614
1908
4099
6631
8757
2126
1593
4326
9874
586
374
3857
5683
4080
441
6616
9619
9435
7052
2880
4436
1945
1630
9335
1565
1850
7460
7684
9543
1477
5569
285
7392
4427
5677
885
6030
4858
2061
4092
8302
8482
6745
8559
228
8517
1802
9419
8037
5766
2337
6368
507
443
9769
1528
6988
7249
9550
7857
6821
2244
1611
784
644
5439
2019
739
4870
9525
3760
5179
1284
2202
1614
3220
4986
6638
270
1118
5501
8339
6967
9135
7819
7316
7764
9081
864
116
926
2961
5949
9650
7678
2650
4692
1554
2303
415
2816
694
2942
5131
4355
1743
5384
1463
9008
6802
95
9894
6056
458
3309
5617
2474
480
1916
6621
8176
7923
8519
8791
1748
8886
6794
9314
833
395
3672
2947
7982
9444
9364
1117
797
7585
4690
1594
2751
9101
1870
623
8893
9542
3745
3439
9857
4106
6702
6878
7626
3451
8974
949
3594
8553
5857
2775
6365
9998
352
5557
3130
5511
8623
5418
557
1896
6563
2476
6706
1309
8156
8636
9188
2998
3473
2281
8191
2237
6796
5606
4887
4199
6990
8970
522
2293
7449
9703
7928
533
3156
2307
8625
2655
2843
2382
8772
5825
3239
4513
9121
8221
9389
9801
8076
63
9364
3283
2376
741
8104
3756
9968
8934
8238
5773
9031
6296
457
7026
4502
3995
9117
9919
8859
8467
4619
5535
9062
1177
9211
3131
4324
2754
8967
6554
756
8104
3253
1306
3754
2654
7474
6422
3945
3943
1848
7479
1536
2933
4734
7099
9665
1682
1360
8987
6318
931
5431
9232
94
7665
1348
1981
2832
3181
761
5380
4763
4292
279
2007
8666
9793
402
9938
7278
4617
8243
1437
6047
8090
2211
8568
1062
3283
6304
7306
3927
6836
2980
4157
7172
6674
9475
8530
4835
6389
4245
982
6028
4491
7803
4522
6237
111
7910
4266
1125
7785
3663
787
1835
6774
5089
8951
5030
3845
2652
7465
164
6429
4336
8027
8976
6625
283
8136
3124
379
7879
1131
4835
5823
7687
9568
748
6300
1308
4814
3328
3437
4309
1709
4362
3460
6461
4194
8086
3888
4359
1772
733
7483
3228
7827
8096
1228
4880
9513
7573
5409
6563
6882
4189
1606
8900
6926
58
8452
2885
3811
2969
7028
4404
1762
6416
3161
1262
9857
1543
7434
6119
6292
5091
6225
5387
6161
7081
9759
8646
2160
4879
903
6951
961
93
9487
6978
6854
7366
9278
6670
6756
4232
3052
6110
6542
2263
3741
6143
5039
7834
8246
438
9380
7894
4826
7089
7468
4081
4857
9336
5941
8126
4387
5114
71
8526
4413
2111
731
2370
3144
9674
30
1081
1612
7320
3596
3155
5421
5313
6902
584
5125
4674
3160
2120
6869
9948
5897
6229
4440
7038
4535
2386
378
4905
5751
7247
4434
890
8511
7304
21
915
4974
6913
3843
9145
8821
8
3685
9093
3496
3523
6120
7063
9215
7637
1167
4932
6964
4900
505
2029
1321
1171
2651
4116
1791
6031
4845
9917
4237
8068
7220
6791
4478
9178
3454
9987
9039
3424
8823
7805
7294
5240
4199
1253
9359
156
5514
4376
3881
2581
3739
303
3805
2508
8932
1618
5440
4741
2160
7257
4034
5866
2801
7474
1315
4835
6249
2453
4659
283
3970
3930
6073
2568
7374
5896
4062
8932
6114
78
2232
4706
3199
820
2992
2911
3745
7418
2933
7563
4767
4140
1082
9831
3905
4218
3092
2340
2576
5997
3955
378
8115
9770
3662
4085
6654
6400
9061
8400
5224
9046
4386
1359
8753
3387
7010
3930
5382
6382
3890
1361
9226
9416
4091
609
5021
2872
7209
8568
4376
912
3705
7415
9176
3245
6311
5807
1998
4345
7954
6415
6266
3812
6720
2054
2368
5403
2611
5465
6057
8442
8318
3532
3461
9029
4813
433
7068
2237
7325
7626
6942
2911
4303
210
6887
2891
1179
805
2434
1948
2910
7379
4862
3281
9731
6647
8262
4752
819
5568
6332
4595
388
6297
3573
3919
6748
850
6865
9506
5628
8396
5745
6254
8469
8035
1574
3830
4388
3297
1981
2612
2628
430
2621
5334
5388
1112
6187
5397
1467
161
6444
2103
2585
4953
72
8071
6847
4416
3290
7206
9012
5773
9566
6977
2255
9734
6299
379
3334
826
4062
4665
5522
9711
9977
7715
4793
7503
272
3176
8253
1806
5128
2105
4805
9135
3150
1654
6395
6732
6877
9049
8187
5067
5273
2459
5388
1973
6598
6027
1557
9577
5574
9885
1393
142
8062
4101
8083
5645
7709
4395
5673
7185
5472
1640
6105
1480
3887
4556
9389
2652
2345
6505
5681
8601
3270
3364
6932
3171
4773
5327
7623
4991
3154
7255
2826
9190
8658
3260
8813
6547
5236
6989
5214
1714
31
7871
7735
7732
6134
7442
1303
3551
8539
609
6804
4611
9222
9059
716
3868
2039
2301
9637
9457
296
9927
4732
4819
9401
1611
7458
1156
236
5807
3269
2439
4983
1313
2286
7036
3679
6889
3086
7576
7300
9266
4507
890
7094
2635
7223
3203
4461
179
766
9925
140
6083
8275
7723
7242
7027
4020
1973
7917
2057
3615
3425
2588
2646
3679
4046
8950
8846
2557
695
9672
6985
6823
1773
359
4620
4700
7166
5687
1578
6435
5992
1873
4282
2160
8482
9595
6446
8373
5348
9623
5904
9704
2288
1930
9300
8624
6934
6068
1710
1897
1733
9539
5140
3549
1787
4579
7357
1165
5982
9249
1760
9209
6778
3819
5982
3959
9142
7496
5477
1757
96
6412
9434
4015
2790
2689
9054
118
8516
297
2904
7048
7090
2829
8251
9734
9833
8774
7432
3241
6391
3800
6776
9114
7340
866
3083
116
2630
1398
2159
5933
3472
9488
9120
9278
7138
2273
5227
3046
5850
3336
1891
390
5481
9243
5276
6297
7836
8072
4477
7359
9871
3707
8919
585
7015
8685
7251
6475
5119
8058
9355
3816
6058
7472
3263
6308
5105
797
5618
9985
757
8937
265
1339
9938
9686
9607
6157
1241
8379
7178
7994
9127
2581
5124
8959
9912
1805
2214
1550
7223
2447
8605
368
6518
1977
7170
9529
3198
7353
4136
9114
1331
4013
1179
816
8043
5317
5083
3799
7380
2900
9632
8197
2324
2366
2408
2166
5186
6953
756
419
6685
9517
2641
4069
3201
7854
9688
855
6393
985
7626
9949
264
4568
2199
9636
2588
1874
4260
6738
7754
3948
7008
5266
5115
374
3098
3800
4812
9832
963
7608
8438
7039
1742
2200
1646
7469
5509
1068
7740
2409
2001
7602
4608
2172
2568
4262
3896
5439
6325
740
5801
8051
1688
4918
7724
3060
8949
3742
2028
3391
2934
6280
945
2002
8905
2127
3107
3436
4059
1640
1835
186
7419
7562
4659
9767
9298
1816
2794
6977
3735
9153
5435
9001
7119
8605
3026
9783
9434
7372
7147
849
9524
9031
8805
6046
9540
3222
1207
8391
4006
4544
1652
7887
7894
6975
7076
8499
6882
5663
1534
8614
269
7422
7656
4564
7113
2772
1485
638
605
5127
7909
764
3443
1159
4695
8540
9922
8493
157
3254
2699
9558
5177
8150
6292
5618
6113
1746
3874
4430
8563
2961
1294
3752
1558
7865
400
7431
5785
3839
4318
2271
2661
6145
21
6556
5024
7872
6477
9670
9986
7623
2659
8766
9097
8093
4852
8614
5771
1569
239
7641
6141
5269
1093
2096
9407
8248
1893
9537
7116
5527
3126
6832
6671
3774
9531
9059
3122
5499
9360
1187
7478
6758
2069
9342
7108
5230
2082
5166
9960
7932
2816
681
8601
2931
6227
4940
9083
4540
8948
3843
6453
1122
7367
7939
8038
9117
2507
6182
2050
2701
7189
6631
3578
7178
3632
5622
5325
7344
8567
6625
9464
4223
3939
9502
5221
306
6161
7429
9700
3933
4233
115
217
8300
8242
9456
9354
2477
1977
5417
44
2104
1521
3753
3029
4727
8962
5083
7422
9158
5966
5482
4587
83
3506
918
2596
5342
9050
3973
7015
8475
7994
6326
4572
6171
9600
106
8841
6187
2695
284
6492
9808
8072
4643
7911
3180
1893
3491
6224
2773
6446
7189
8338
2303
6150
8015
102
4229
1621
7031
9008
6242
9802
4520
1986
8170
7293
392
3584
6034
4854
9423
2789
3072
3151
3791
2878
4094
4375
3003
4831
7242
3198
2396
1393
4342
166
2138
7258
9817
4289
3447
9264
1707
1924
3851
8819
4807
3504
8723
3215
1237
5864
7206
2405
1099
565
596
7688
9475
8287
4561
1942
6470
4807
9639
3716
8964
1224
9057
1393
5295
5904
3554
921
1119
1690
5964
4544
9943
5201
7967
2490
3625
234
4307
9230
3549
3769
9044
7942
4192
6643
628
4963
44
2193
439
9043
14
9680
4063
5610
9023
9004
5982
2428
8116
8652
6050
7055
6437
1181
9707
9721
7574
3229
7318
700
6695
9675
7274
9467
9734
5078
4437
4278
795
7652
1420
9373
8642
4576
3456
4874
9106
3365
2886
7095
1447
9740
2545
7044
3537
2831
5140
8761
9027
634
774
4113
8443
8743
1538
1855
7623
2365
1745
2106
7185
1344
6217
9917
4086
319
2702
7874
642
563
6796
2777
4354
515
7139
9523
8506
1687
4653
9716
8612
5868
2588
7896
5554
6931
3820
9944
3013
2197
2947
5412
3327
1580
6643
485
7756
9570
5617
3633
3281
4970
1623
889
445
7280
463
9230
2271
7933
7715
7453
8222
1764
7832
6295
4946
7693
6870
8669
3020
1045
5882
63
1013
1007
777
6119
576
6317
1711
7076
608
2637
2744
8540
9751
6625
8822
622
8089
5437
2215
2161
2752
1346
2361
4735
5120
2756
2688
7174
6418
5801
2320
2543
6000
4664
55
5909
8178
5896
8342
2695
7332
3131
7034
2381
6041
3200
9556
9335
2600
9831
2504
6874
1945
1080
5985
8644
9739
4192
8820
1570
8133
5042
6835
8637
8318
1957
3871
4679
3999
3664
4414
6589
5245
6929
52
4143
2008
3110
7137
3022
9032
6852
7441
5053
2811
1565
4626
1078
4742
2235
4295
6842
7804
1365
7110
5894
8232
3314
6574
3104
1299
7274
2672
4394
8445
7508
4191
6647
7553
2663
6011
9276
1425
9711
9281
3476
2514
2204
6056
3253
2303
8450
8379
7836
6464
8558
2954
3836
6197
3879
1995
3854
3389
8343
8643
1523
4555
9289
7719
5681
719
5409
6323
5138
7611
7550
4375
2276
8609
8476
1712
5092
2719
940
4376
6852
1339
6991
8010
2151
4229
9070
7501
4717
3505
4063
6010
5
5600
1148
3976
6157
655
4735
4159
5465
1980
7719
8399
85
9166
7977
968
289
7008
6201
2682
3704
1324
6343
863
9619
9396
4277
369
5188
4953
9713
4126
3767
3759
5189
8857
1064
5456
7329
6049
5176
272
8127
3469
3953
9259
5620
3654
3634
4067
4331
3877
2141
7885
5624
8158
2325
3090
6045
534
8450
2898
4501
5348
3726
5736
5382
1716
3186
8775
7049
7911
4562
2314
66
8356
4491
2706
654
5702
2887
3613
5349
7607
5777
3725
8977
5399
6678
3728
2865
4615
2468
2900
8630
1493
2567
9599
9868
8600
2711
6638
6073
2798
9359
6816
3137
867
843
6860
4449
3684
6735
3840
8796
8817
6308
3296
8745
9689
7711
1134
6926
3392
706
2650
7494
1260
3924
547
9870
2987
5506
5379
58
6611
4086
2613
4096
2997
7214
7029
7268
2744
7442
9027
5657
3555
5502
4323
7884
4326
3024
9001
1568
4531
3370
5316
3938
2786
1639
8035
4696
7867
4006
4530
1121
1235
53
6475
5398
4958
7163
5282
9088
3651
9584
4180
3376
4592
7127
9364
1808
2109
8152
9336
7164
7111
9339
4709
8313
5999
8836
2312
6021
3754
8235
8055
9652
1037
8667
3491
6321
4130
5559
8758
8287
37
7504
2323
8885
8433
8266
9258
8766
2346
4341
8328
9450
7987
3775
4897
766
6714
1416
9967
71
6312
9900
7933
2203
2202
6185
339
2609
4610
7486
1090
4079
9775
533
8963
9074
4436
1857
131
2072
3347
8969
8778
6276
8858
6087
7033
9640
9777
5834
7873
3971
8761
3045
2363
4462
7497
927
4836
6631
6427
4178
5796
6133
7086
8143
6441
5802
175
9559
3116
5975
7877
7268
3522
6533
6977
3736
3266
1643
2443
7883
4020
8673
7737
6892
2389
6960
6472
2124
3408
5818
5373
9806
1255
8981
3341
6683
4557
8877
6210
4794
3670
7508
6736
6358
7109
5323
9927
2537
2791
3817
5971
9505
6429
4690
3068
7621
3531
2214
8569
3919
9066
5873
1916
7683
3493
9424
520
1838
8749
1851
9695
5587
1021
5401
6671
6956
5096
889
2387
617
4701
5547
1206
7985
5510
8654
6550
6735
4526
7365
8206
7521
9652
2590
7346
5201
2380
4383
1
7924
4377
8550
340
9848
9436
1262
6555
9888
9258
9952
2175
2966
7150
1007
4025
6491
3990
1044
2918
9455
7529
6060
332
8346
972
217
985
6887
9655
3895
4512
3488
9370
1448
8520
2758
918
9258
7634
490
3966
1619
8080
7081
1027
3877
8711
991
5436
7755
2594
9601
4693
4757
9226
2182
1227
1587
2608
4344
7362
6686
5397
6441
8049
9094
5298
2692
2584
3843
6304
471
2418
9845
4844
4054
6824
5753
8526
6365
822
9938
8189
9183
3337
8028
6323
2168
1096
4
6228
3016
2102
6990
1966
5567
4231
6303
9054
7901
5595
2436
7333
3162
443
9462
8473
1727
8209
1781
5852
5743
2853
2875
4723
4222
8396
8248
3324
2278
4015
4892
7414
8576
8736
8198
9077
4127
5231
7686
3726
6143
481
169
6648
1292
8645
1942
5055
7905
7293
1764
913
6194
1467
939
9640
631
608
2180
8472
625
3223
4027
761
6041
8205
3485
2711
8607
4001
1354
8884
1785
5871
8664
9226
2151
5431
327
3368
7033
216
1272
2605
2921
5137
7151
159
5778
9275
2231
8223
1804
4946
2592
8306
5598
3911
3342
5502
5010
5126
5860
8994
1106
3787
613
2597
3428
1747
5210
3410
3966
2852
3430
2660
9862
2865
3886
4537
7764
8077
8074
427
5221
9209
3935
8960
4509
9776
6039
8028
1479
879
2895
9083
5784
9677
2171
9256
6192
3889
327
3774
1017
8413
4541
8909
3444
7261
596
1927
108
9340
2784
9904
5369
8331
4892
9765
2164
2907
9368
7264
3735
2825
5943
5839
5044
7865
6211
9341
6226
8185
850
4800
7335
5745
1714
7518
1296
3508
684
926
5434
8030
8513
3956
332
6615
9235
6706
2851
4392
722
5763
6417
9133
7853
8011
1409
7575
4515
7313
2685
1459
414
4174
8063
223
2285
901
7277
9603
7782
5617
9053
5846
5786
1914
2718
584
3705
490
6740
9510
8105
1323
682
9652
8
3426
7152
3154
9023
3483
9190
866
9429
9578
4028
376
7471
8067
7354
6676
6433
6013
2468
9954
5730
1526
7221
1415
1712
7758
1530
9754
9363
5386
4191
8031
3313
7850
45
2396
7316
2385
2765
7035
97
97
6862
8614
9173
9965
2447
3285
9457
4269
5547
4744
8008
9809
500
6032
1250
5298
3780
1401
7128
7721
6482
2987
727
2928
9305
3988
7219
7266
5979
1556
4554
9298
3459
365
5667
5117
9956
436
4420
6968
6622
9693
4119
2274
6713
1983
1061
1772
5122
9037
9591
2477
961
2713
982
726
6038
6141
1679
1745
1283
2241
7641
9648
2713
3662
2848
5168
7012
5557
2786
2797
7624
320
4395
9133
1342
8007
18
9818
7483
3795
129
406
3885
1164
7542
1883
7659
9808
7624
6517
4973
6894
6534
6938
7294
4102
525
6013
5715
3723
4120
2783
7495
4825
3230
7302
1125
9872
7389
5182
1013
9478
8613
4669
304
4614
3300
6766
9542
3442
7194
2770
1580
1028
5018
4818
2230
8102
5148
2193
6662
7088
4626
1271
8850
1256
4943
3300
9625
9998
2788
7174
4750
7646
8443
6439
8872
2327
5699
9849
8514
7440
3229
2325
5068
3650
393
5242
9065
4125
101
9664
9161
497
8331
5949
6707
7694
7948
2934
882
121
767
9877
962
8937
5614
3936
7157
6821
7520
4636
9999
9089
5149
1863
3376
1749
7307
8398
7487
8142
6057
1197
5800
8305
2369
836
7551
99
3074
2334
1989
4709
1283
709
1429
364
6667
9298
3519
5868
1423
6849
5403
5681
3668
2831
7965
3717
2395
8381
2052
2448
9062
4734
8210
7203
2556
2817
4842
6900
420
2190
9716
9934
2239
6475
2606
7782
5260
9823
3159
7162
3575
4857
3672
73
64
7633
1749
6327
5351
2721
4601
1169
3298
1661
2350
4336
1035
306
1669
904
5755
3393
4262
3381
5597
2330
2870
6084
216
1923
9626
7541
4072
5000
5745
3534
8731
9242
6923
2501
6137
4807
7587
15
7570
9925
2272
2935
656
1977
5428
6687
2533
9108
6337
9638
4375
2199
4711
5112
5281
4501
8193
1544
7837
5282
254
3557
9707
7728
8137
2104
2139
6937
6883
3012
532
5947
7873
2082
8696
7745
930
4133
3001
5888
6198
9335
7912
7798
6835
9536
8450
5995
377
7296
432
2105
300
3804
6831
9745
8216
7114
3216
2516
7081
8550
850
3657
3124
4286
1512
7613
7553
1882
1380
8159
9401
3338
6281
9944
4386
9283
826
9955
2815
7639
1292
2683
7373
317
5978
7326
4413
4751
34
2517
5630
505
5222
8362
3645
1721
1767
4541
4251
215
4541
2704
8
5852
8787
1336
9123
9456
9856
7115
850
1227
6990
7841
2659
5419
1195
3505
4929
2433
5866
7084
9965
5328
4069
6037
4653
1017
3301
5546
9768
6734
8729
3769
9879
5243
2855
8504
8553
9421
2678
3926
7432
5092
9592
6929
6092
9365
6934
1444
9440
6917
2843
9178
5131
464
2304
8165
5861
7545
1872
100
9841
5391
3936
6379
7293
9621
393
3017
2446
150
4465
8543
3776
5428
1932
5207
8248
2358
6434
5622
8257
8565
1572
4648
5995
1323
9099
3876
1293
4174
210
7978
9788
3221
1952
5246
9730
1537
3657
3160
1729
4947
6949
20
363
7701
7867
7739
7819
3402
3017
3426
4108
5052
9897
6830
7127
7039
4120
7500
8555
1112
5483
4616
653
8347
6740
2780
9952
8119
7558
7335
6880
2870
7637
462
9480
3200
6736
1496
3651
7741
8900
9153
4365
7164
7356
3741
719
4079
8072
1821
5979
9843
3569
1793
609
5589
1780
1071
1497
3244
5958
6302
76
5895
8592
1913
413
1349
3541
8684
1534
8180
2128
3960
4802
5989
2571
5915
4602
4174
6535
1119
2326
171
758
7970
8637
1651
3814
2887
3174
3246
3234
6240
5697
1466
8751
8905
9750
7316
9102
3363
8247
4118
5379
3703
4910
1161
7065
6304
1108
635
9535
4287
7047
3068
4152
9619
7191
1982
6257
150
2121
9295
1362
7739
9744
4340
7817
7147
3330
1730
9857
7551
7954
1748
8632
9887
911
9779
6721
4356
5804
6259
1344
2601
9212
2030
434
3947
2335
6724
8639
824
5078
2898
1672
9912
983
7757
6705
8819
6747
5671
303
4575
2857
2499
4365
1765
4025
6247
1734
8012
3261
7500
157
7918
1669
4784
7601
6278
2202
1047
8883
6312
3407
8549
2338
9710
1892
7249
7011
9078
6154
2100
5057
8521
2520
9167
4849
7637
8351
2211
629
547
6508
6674
375
2952
9089
3914
1341
6090
1884
7071
1966
9257
6813
3571
688
3679
3662
2973
7046
9479
6327
9396
9875
1057
835
8538
4317
1333
9877
2272
3276
7133
3939
7234
3358
7999
297
734
5999
4026
590
6547
755
5324
9055
385
1192
7617
9057
8224
9145
5159
1707
6317
8475
2315
6965
6351
4185
6341
2631
9140
8721
8809
8778
7954
8152
6087
699
3511
1718
1159
9855
7097
6835
9024
9598
3757
5131
174
8492
6936
502
5372
9660
8946
4004
2590
1394
4301
7729
5735
9863
6796
820
4574
7649
6418
7381
1923
7322
241
1117
6519
4217
4309
4328
708
6379
6821
8
6906
5001
6012
316
9481
8066
1781
3031
7894
5093
5085
6383
9408
3539
453
9489
4840
6365
1090
4201
2765
1616
7876
8184
1922
5394
4026
7599
2779
5062
9097
1484
7992
9003
2474
3968
5015
3587
5102
5592
1942
9471
5488
6730
5539
9414
8204
4708
6185
9499
1987
3793
6589
6592
5997
6461
7279
317
2138
5412
267
3001
4736
9394
7638
2630
3478
5971
4600
7296
8230
7352
5581
5653
8071
9929
869
7716
9859
8923
3123
7665
3413
2041
9328
6965
2073
7509
239
7349
697
2518
8967
320
2729
407
9568
8945
2091
8026
8885
8333
8266
8631
8867
823
6489
8980
1727
2104
4870
4939
2972
4193
5266
8568
9944
9791
5285
1997
4390
9110
7533
147
1518
5984
5462
7849
8382
5001
8078
2931
4269
4465
2684
5278
1711
7049
9916
4052
9188
9696
1817
1179
8630
2020
4250
2878
7796
5441
1014
2419
4106
9018
2718
3610
3175
6918
9539
2342
9308
8993
4812
8725
2459
6753
4870
5620
4354
3632
5019
5502
6767
9658
8881
8941
2737
9619
1415
6788
9042
3064
9936
6925
5762
7077
7773
2552
5466
1291
74
6544
4121
5170
8334
1564
8698
1659
8362
8038
5077
9999
5302
6614
1402
2639
266
1235
254
1054
1324
8425
7918
900
5902
801
1291
7313
4194
5285
4003
2306
4942
3858
7290
6088
1121
7273
8653
3596
8038
7787
807
2067
4858
8659
210
9053
4896
7043
4508
3909
985
6171
2645
1965
9164
3356
6521
434
1474
8205
9769
1498
310
8557
7535
2835
5460
5168
511
2028
5356
3739
7487
1014
2853
5106
5470
6141
2623
9521
1164
9744
6987
5950
6471
5478
386
3767
8342
286
7704
7622
5049
8002
1901
2289
2756
6286
6092
8387
3952
4042
2315
1872
8894
4849
4753
1932
7186
7054
9724
9235
4645
4830
5429
7029
10
8974
3679
1827
7629
7123
1438
8187
8113
6937
4751
5106
8843
7343
3581
5261
718
5647
1657
8507
1237
8071
1619
3462
7076
1517
2684
3895
8382
6163
2063
5563
1521
5674
7480
1374
8778
9402
5410
8159
6224
2595
9809
9925
9518
3199
4203
6715
5184
6631
2821
5146
3647
2495
5713
3414
2708
5894
9448
2745
3600
887
5910
9802
9836
679
3687
8317
8699
1379
8173
4891
8551
5178
6554
3262
5766
1496
8314
1119
8025
9251
3332
7887
2210
9081
4588
2112
2783
5650
5087
6072
2037
9127
9329
8152
6070
7078
2049
9753
48
5631
2519
9137
1487
5723
6707
7305
8445
6973
5471
1213
5393
1765
5227
7361
673
2968
8038
1827
5336
4465
1070
3241
4281
1255
9901
2692
7947
8816
1043
6511
9310
2883
2625
62
788
8669
700
7227
3839
8988
1583
6061
2766
4807
3122
3828
863
1686
5282
4633
5963
3823
9805
5966
7502
328
9762
975
6330
1600
4262
373
8254
2318
2101
9532
4320
8186
809
426
6054
464
7660
7655
3014
8013
2925
8060
4355
9430
3952
9016
1457
95
5937
5469
6521
7167
1574
8890
9912
3854
5324
6168
1720
6441
1105
2134
4227
3946
7591
9974
6495
5456
4918
3615
5866
4692
3691
1596
5438
8844
2120
87
4761
6775
6613
3469
4369
6569
5175
5295
7666
9048
6214
706
4431
704
7334
9209
4495
2689
460
2092
1517
7282
9662
9114
7209
7295
36
3768
9224
3851
8795
7651
3165
9134
8424
9798
4199
5483
5287
8413
7705
2739
5655
7318
2984
4802
7067
2189
1716
5646
956
3338
8500
7308
1250
5652
2730
7493
9092
5299
6084
6234
7105
6348
9349
2710
5403
2031
9772
1958
6572
240
7064
4330
621
4339
6788
5781
5686
6379
1422
585
6757
3392
8181
2754
4072
7635
7015
4385
1742
8428
6911
4415
6544
2748
2257
1695
4338
329
5472
6046
8614
666
9236
9450
3226
9032
8502
4459
8098
7285
2716
5704
3577
2255
1762
4994
4017
7856
3118
9313
1254
332
7987
8583
5822
9598
1309
3032
3559
8813
1642
4571
8560
2453
3458
9617
6541
5692
2442
6567
7744
3928
7502
7715
4666
5292
541
2179
3555
1449
6878
8745
5181
5581
7839
7323
3786
9766
5644
6598
4109
4493
5034
3097
3527
8107
3654
5006
5879
1358
7388
9609
7217
6746
2583
6815
9173
4913
5981
7078
1369
3474
5381
1567
526
9983
3452
9188
3402
3676
737
9806
4645
499
8174
6155
3604
4773
1707
8291
7718
5954
599
8583
4956
3168
6635
3913
1632
2396
6759
2599
9518
2115
2510
636
7248
2512
6473
1230
6677
1276
2371
7384
6934
6440
7760
7089
3477
9800
7761
1354
9789
510
3171
3814
4177
4725
9965
1409
895
6063
2051
5120
4368
9147
5131
7658
7882
3734
4660
7082
9049
5980
4528
9397
4168
6492
2585
5951
2994
7231
8934
5035
6130
1088
267
3187
6385
1086
53
8873
6011
3249
6007
5423
1493
4277
590
4447
6485
3190
355
2074
7119
4167
6829
7460
9970
3066
8500
9184
3907
7302
250
9125
6807
9770
3159
5258
3863
4457
9122
289
7380
2111
4627
1259
2391
699
1330
9226
3389
171
6352
1416
8492
5024
5179
7575
9163
8673
5822
339
8494
8688
6112
9337
8858
7368
728
9436
6600
5924
8304
6178
9424
2808
2844
9320
6850
2297
6693
9630
1456
3117
6179
7622
6001
5478
6278
3476
3584
6737
6681
1428
8449
9137
481
505
1189
9463
974
2212
9744
8325
2885
9341
8311
6386
8506
5573
8429
3210
3100
3480
9290
6395
459
7639
2074
898
3596
4870
8351
9558
361
7951
8110
7434
5603
7641
2710
6082
3560
952
3055
5971
1661
7107
396
8247
4922
817
7140
4774
8704
6580
8786
4914
2258
9707
3205
7606
3527
5095
86
2998
4777
9407
5083
7373
8167
4594
7450
8396
1097
7668
5273
8148
8405
303
209
3549
137
7845
2939
457
2716
756
4511
1817
4634
2491
2874
1223
6971
8561
7533
7469
8410
3559
8663
8248
3740
5244
6045
4294
2365
6170
3257
2295
1409
2759
4322
5716
2416
2722
2262
5674
790
7538
2559
694
5682
5638
7469
3830
9186
4483
6585
888
5371
6735
684
7307
1689
6583
9520
4992
5525
1074
1422
3872
5347
1002
7280
954
4634
8342
5797
1844
5034
4626
7706
7398
3766
5595
6780
6539
8225
7996
2747
4088
9720
4997
5049
6817
387
7206
3919
9434
8487
7630
252
7877
2684
5880
2417
8575
151
1555
9360
2598
7236
4247
2990
6020
8327
5113
1777
4427
2974
5274
9941
2849
5308
7650
2733
2775
6300
1966
2118
6197
1262
874
1420
3812
7498
8183
5629
4591
2834
7631
5998
4634
6435
9997
9564
3250
6279
6043
1237
5110
7141
1041
7516
137
7149
4789
4964
9278
5
5276
1783
6749
4130
7755
7952
7941
4410
5903
4636
7906
2013
5936
3767
2018
1119
7689
840
5816
8460
7726
1183
5539
494
6957
3740
9990
6388
391
197
7149
1723
8181
306
9930
698
4380
9672
6005
4699
5320
8082
5897
6291
1180
7739
1749
7503
5784
6857
6931
9274
7916
3099
2621
8841
3935
8382
2756
833
8360
5586
8341
8582
5467
7567
7423
5477
9855
8283
1985
259
6857
6379
5224
9103
3180
7102
4813
8552
3374
2462
9762
7347
789
8970
3028
8760
8583
8237
2446
3140
1659
9891
7096
8346
4372
2359
486
6169
9473
7648
7406
3704
3607
4663
6816
1235
9798
8868
4659
3047
5908
8856
1280
1163
5445
4019
1989
1692
4094
4730
7282
198
9936
3334
8925
5151
714
6063
9962
8696
8570
8794
4296
6739
4511
3959
6823
1799
1127
97
3756
1233
2718
5294
4890
1455
2375
7451
7022
5544
3568
9319
3410
2750
353
2156
6189
1541
2618
4983
8999
246
11
4409
3006
8529
3760
6919
7637
1194
6934
312
4010
6654
6414
4686
7459
9528
1242
6129
1785
7093
5320
502
2532
8477
4120
7085
4829
7083
7352
1224
5929
2883
7881
9741
3188
3100
891
572
9700
6167
1562
528
440
9464
1431
6189
8429
5031
9324
4545
3710
7566
7019
6876
4838
4743
8921
121
9725
6513
3105
5710
7084
882
2753
6349
61
9349
6975
4225
5989
8232
940
8756
7479
8687
8913
2730
3061
3946
5711
3316
3094
6220
2810
7452
6185
1266
2917
6328
5680
8413
4387
3967
1340
4137
9754
7384
6934
9715
3554
9403
1407
30
7454
4385
7141
6339
7297
3494
4724
9801
8882
2970
613
1692
7314
3838
4907
4140
3284
3411
6885
9142
8429
2079
939
6550
5320
491
1540
2897
13
5373
8542
2114
5070
4686
2894
4783
1478
7330
7305
4757
6960
5577
1293
2139
5317
1027
1273
8853
4798
51
7587
7695
2051
1800
1886
2060
8980
1852
4689
5749
924
5624
9180
4806
3731
8173
8687
3701
7085
7261
6811
8679
508
4249
7446
5575
8485
972
7919
3984
6341
7367
6545
8213
2526
4655
3341
9458
1320
2573
1427
3100
8267
4504
6752
2234
4447
8239
9066
2027
2116
5936
2849
7142
231
7663
5515
4643
5432
3461
5474
2066
6639
9530
5498
2940
5722
4006
8587
6810
9157
8362
1953
3818
8344
4923
636
8434
2142
2379
7284
2165
649
671
113
6340
8009
3617
2212
5204
1320
3779
5910
9369
6783
3167
3314
7483
3755
3630
5323
3
410
7648
6737
9333
7146
5947
2117
923
3793
5476
933
7981
4494
6273
3369
965
7245
2797
1803
5963
9742
6253
3222
4548
4808
8592
3519
8192
1786
7734
7599
4437
3955
7185
1155
9602
232
3041
9945
9921
5909
2393
1875
7094
5057
7419
7779
5783
9589
4602
6531
3014
7738
6302
9294
7182
6945
6666
6743
8806
6957
9763
5922
2442
6698
7389
7039
6805
2057
3644
1681
5744
6086
4326
4746
14
6425
8700
1653
5980
5942
9378
852
5875
6096
7954
7407
2225
1278
2910
2237
6938
7809
5580
356
3972
6979
6563
1987
38
5460
8382
2974
8679
5382
4391
4670
9530
396
6994
8086
5216
5317
5833
6578
4319
9871
5252
5874
6759
2617
22
3809
4792
6706
2139
8949
9105
9479
2544
7923
2036
4666
4899
2074
4838
8800
369
3168
6869
3134
5711
664
7865
4434
9561
6204
7352
8481
4848
7338
5100
150
8007
2381
6008
1298
5068
4004
7204
3661
2781
3748
6428
590
1532
485
1591
6026
7663
2405
9157
1521
8449
1261
1771
3278
9452
9821
8374
7375
4564
3100
3327
569
5522
1924
7688
3276
7891
6038
8982
8553
5365
8359
8113
280
6560
1406
2847
751
5665
1686
2346
6766
5337
4068
9559
4024
8727
8148
4614
625
3940
8844
4013
1954
471
4200
5505
1601
7509
2629
7163
5596
8093
3095
2698
5398
717
7501
6800
822
7735
8963
5326
3865
4785
4787
1069
6579
3988
5947
4360
4540
3948
2525
8777
3627
8816
200
1952
8523
8139
811
3322
4448
484
8268
5951
2476
5023
4258
4489
7481
2853
1627
361
451
2715
4941
3723
7814
1169
6803
5826
6976
3741
9319
5055
8881
9517
8066
9549
368
7296
3336
8656
2157
2580
2126
2258
8254
8466
3035
9759
4440
6823
6180
3471
8287
2867
6509
1477
1614
6413
9224
5099
7703
2140
2120
6135
5645
8028
3709
9322
9385
5874
5662
7635
8123
6103
5084
820
5198
8185
6002
6053
6916
4783
8687
310
5998
312
5449
6328
96
5597
5840
5273
5587
5222
4237
3452
2810
7951
4730
3056
3403
9149
4310
7176
3557
1467
5773
3281
2316
2640
8928
699
4145
9140
8296
9223
7252
1657
2247
8378
2301
8114
6385
9387
7443
9750
383
8521
1393
9479
86
7882
6973
3904
5881
2918
1532
7402
4429
9351
8998
7033
3415
1197
6462
4788
1863
3775
3414
2543
2823
687
9647
1738
4563
5223
8976
2702
4708
8389
5685
3639
8149
3885
9551
1415
5465
3897
1204
5708
7061
6274
1808
3495
1976
7366
4204
8431
779
5899
8302
7113
832
3083
4910
3028
1127
8310
1938
9788
9644
8635
489
7276
3306
1396
3717
5170
9557
5593
9407
4620
6965
7239
2184
3232
1987
8111
9327
1297
6125
4693
633
6232
2349
225
9863
6523
5096
144
5130
4939
230
4839
3643
683
8591
9151
177
5615
8223
5538
3532
425
4740
6435
3342
2923
281
9697
8135
94
4523
2600
4140
7649
8239
5499
3378
409
4935
9394
8702
9539
9532
4376
2934
9368
593
4564
1851
4309
1391
5999
3363
5323
1496
2789
4555
8390
8373
6156
2028
1231
2518
3086
4792
9227
464
8201
8829
3917
6691
2176
1668
7243
9854
5823
4309
967
8327
701
7053
1870
7769
2096
9295
2919
2524
3316
3430
9632
8067
6880
6365
5309
6419
2396
5705
2796
6682
1180
5718
3886
1704
3415
9108
6221
3449
5168
4322
229
1260
4557
8163
4185
9389
4937
7864
