1000
304234329 304234236 -1
92290689 92290596 -1
900810779 900810673 -1
315090866 315090773 -1
740839290 740839184 -1
404723901 404723795 -1
168385305 168385212 -1
457298783 457298690 -1
-119974842 119974936 1
122858679 122858573 -1
503566393 503566287 -1
-476871110 476871204 1
999838260 999838167 -1
-434976212 434976306 1
876519825 876519732 -1
-745903609 745903703 1
781678791 781678698 -1
364965612 364965519 -1
276458662 276458569 -1
-94788893 94788987 1
45875914 45875821 -1
49631075 49630982 -1
191053091 191052985 -1
573931112 573931019 -1
532192610 532192504 -1
21141722 21141629 -1
706414594 706414501 -1
93832328 93832235 -1
730774550 730774457 -1
-912652684 912652778 1
637913556 637913463 -1
288014767 288014661 -1
72665164 72665058 -1
335797918 335797825 -1
620797159 620797066 -1
836067457 836067351 -1
896634824 896634718 -1
-349153993 349154087 1
969364311 969364218 -1
299466861 299466768 -1
598246108 598246002 -1
-349368442 349368536 1
30166210 30166104 -1
591515498 591515405 -1
-367057834 367057928 1
85352466 85352360 -1
-568712428 568712522 1
448025263 448025170 -1
-974467708 974467802 1
334902774 334902681 -1
43018251 43018158 -1
-386198733 386198827 1
-492649367 492649461 1
766754413 766754307 -1
987966338 987966245 -1
844773781 844773688 -1
896988983 896988890 -1
410949503 410949397 -1
175308785 175308692 -1
738743116 738743010 -1
604015758 604015665 -1
522884128 522884022 -1
-948195741 948195835 1
68581228 68581135 -1
-348171796 348171890 1
-857067850 857067944 1
477012727 477012634 -1
816677968 816677875 -1
-831814127 831814221 1
-418705272 418705366 1
876833284 876833178 -1
249467856 249467763 -1
185635463 185635357 -1
-246546082 246546176 1
-847860167 847860261 1
462956827 462956734 -1
-977583141 977583235 1
-358234408 358234502 1
539417345 539417252 -1
-677800614 677800708 1
208379584 208379491 -1
326768675 326768582 -1
515518081 515517988 -1
719834631 719834525 -1
30894253 30894160 -1
407612194 407612101 -1
-387507775 387507869 1
506666599 506666506 -1
-873864333 873864427 1
424159425 424159332 -1
911209344 911209251 -1
635819013 635818907 -1
205693735 205693642 -1
144404958 144404852 -1
723536537 723536444 -1
727254607 727254501 -1
642352841 642352748 -1
984375082 984374989 -1
969381544 969381438 -1
-496383315 496383409 1
716933382 716933276 -1
-891799074 891799168 1
509590539 509590446 -1
-876628502 876628596 1
-710314045 710314139 1
855038378 855038285 -1
238526587 238526494 -1
4711868 4711762 -1
717433529 717433436 -1
119615156 119615063 -1
-490229761 490229855 1
203403516 203403410 -1
855167131 855167025 -1
152548348 152548255 -1
-362291368 362291462 1
753245693 753245600 -1
-286744760 286744854 1
442405146 442405040 -1
855052455 855052362 -1
326962042 326961936 -1
781123088 781122982 -1
812406623 812406517 -1
-798625579 798625673 1
-995880446 995880540 1
376828797 376828691 -1
744091678 744091572 -1
-784849663 784849757 1
197425338 197425232 -1
148843431 148843338 -1
-873548908 873549002 1
-152149415 152149509 1
894834792 894834686 -1
610799785 610799679 -1
309886493 309886387 -1
415145315 415145222 -1
211435459 211435366 -1
-323363681 323363775 1
103622314 103622208 -1
-355401350 355401444 1
460072847 460072754 -1
-309870027 309870121 1
-196646484 196646578 1
508649009 508648916 -1
233770997 233770904 -1
820114035 820113929 -1
-978173157 978173251 1
237655894 237655801 -1
173981174 173981081 -1
-656818857 656818951 1
402461960 402461867 -1
844518708 844518602 -1
256138537 256138444 -1
501499493 501499400 -1
13637656 13637563 -1
912723310 912723217 -1
689135702 689135609 -1
-353152456 353152550 1
835427756 835427663 -1
505543174 505543081 -1
-471923369 471923463 1
-462042208 462042302 1
-95963776 95963870 1
668176187 668176094 -1
924062529 924062436 -1
-708439854 708439948 1
-760531674 760531768 1
79124510 79124417 -1
284706350 284706244 -1
-846946319 846946413 1
489099949 489099856 -1
194472411 194472318 -1
284895555 284895462 -1
606202055 606201962 -1
672068101 672068008 -1
259991329 259991236 -1
-984247583 984247677 1
886926780 886926674 -1
470518379 470518286 -1
201103226 201103133 -1
839242651 839242558 -1
245043982 245043889 -1
27443851 27443758 -1
948206567 948206474 -1
995326068 995325962 -1
-591983259 591983353 1
2734606 2734513 -1
854723201 854723108 -1
510102263 510102157 -1
-246558469 246558563 1
539480020 539479927 -1
37874538 37874445 -1
57373646 57373553 -1
637264851 637264758 -1
-466850828 466850922 1
922637747 922637654 -1
235237880 235237774 -1
557783614 557783521 -1
618484816 618484723 -1
882567247 882567154 -1
738021936 738021843 -1
-870424718 870424812 1
739939549 739939456 -1
667199795 667199702 -1
199216685 199216579 -1
604276101 604276008 -1
359546761 359546655 -1
89994595 89994502 -1
898122854 898122761 -1
789135374 789135281 -1
45662938 45662845 -1
63231496 63231403 -1
136858873 136858767 -1
341732878 341732785 -1
961301090 961300997 -1
339434135 339434042 -1
-118766024 118766118 1
579824807 579824714 -1
-742406117 742406211 1
-520376495 520376589 1
47429809 47429703 -1
552770128 552770035 -1
937274450 937274357 -1
-436809098 436809192 1
-664027932 664028026 1
836995075 836994982 -1
905051741 905051648 -1
-443465744 443465838 1
-586580592 586580686 1
-11032214 11032308 1
-6326299 6326393 1
-250012017 250012111 1
785676652 785676546 -1
558090375 558090269 -1
-929836589 929836683 1
935122358 935122265 -1
-56216914 56217008 1
914416653 914416560 -1
-276129340 276129434 1
170161546 170161440 -1
33661605 33661512 -1
-108765903 108765997 1
530991377 530991284 -1
687100802 687100709 -1
-34330837 34330931 1
675242998 675242905 -1
-294544687 294544781 1
282134233 282134127 -1
-206643692 206643786 1
261692750 261692644 -1
760096460 760096367 -1
106375789 106375696 -1
818609996 818609903 -1
42084118 42084025 -1
633991630 633991537 -1
97763605 97763512 -1
132623980 132623887 -1
-444989237 444989331 1
692909934 692909841 -1
888901020 888900927 -1
67930552 67930459 -1
13060419 13060326 -1
991659564 991659471 -1
385636111 385636005 -1
-686211730 686211824 1
933433536 933433443 -1
987856275 987856182 -1
-924734227 924734321 1
194615269 194615176 -1
974378382 974378289 -1
-293433749 293433843 1
99740112 99740019 -1
-634374580 634374674 1
76218469 76218376 -1
899621417 899621311 -1
654467515 654467422 -1
-368216989 368217083 1
958027379 958027286 -1
906584033 906583940 -1
963832479 963832386 -1
-306455130 306455224 1
987706997 987706891 -1
724436485 724436392 -1
762417443 762417350 -1
65118809 65118716 -1
-796301997 796302091 1
-277477382 277477476 1
762542492 762542399 -1
449906581 449906475 -1
725400875 725400782 -1
-302523728 302523822 1
724652760 724652654 -1
305099169 305099076 -1
863384662 863384556 -1
693605962 693605869 -1
102473834 102473741 -1
801213961 801213868 -1
-294823161 294823255 1
639166229 639166123 -1
865003444 865003351 -1
406373640 406373547 -1
-727410705 727410799 1
219105752 219105646 -1
435830993 435830900 -1
-709305915 709306009 1
-315546948 315547042 1
324328673 324328580 -1
-715205682 715205776 1
343918304 343918198 -1
832663060 832662967 -1
709660011 709659918 -1
544434436 544434343 -1
183052533 183052427 -1
-754630123 754630217 1
755127840 755127747 -1
-77224291 77224385 1
-605395126 605395220 1
976735942 976735836 -1
843063901 843063808 -1
378213566 378213473 -1
424958963 424958870 -1
395493391 395493285 -1
-795902106 795902200 1
-656666251 656666345 1
-865514664 865514758 1
88719998 88719905 -1
-233326461 233326555 1
-685762143 685762237 1
-331280323 331280417 1
721143221 721143128 -1
416677554 416677461 -1
798817752 798817659 -1
734093978 734093885 -1
126913099 126913006 -1
508300169 508300063 -1
848836086 848835993 -1
-599281602 599281696 1
316237154 316237048 -1
172868263 172868170 -1
-930335141 930335235 1
683285213 683285107 -1
959210804 959210711 -1
-680621467 680621561 1
120056528 120056435 -1
68108921 68108828 -1
678359912 678359806 -1
588311948 588311855 -1
513465685 513465592 -1
507539452 507539359 -1
800869067 800868974 -1
-871522130 871522224 1
268845959 268845866 -1
-630240102 630240196 1
558309603 558309497 -1
670112422 670112316 -1
-862024891 862024985 1
739733261 739733168 -1
-768017748 768017842 1
-103202860 103202954 1
69428609 69428516 -1
815134272 815134179 -1
705165777 705165684 -1
-793993366 793993460 1
424955084 424954978 -1
163748048 163747955 -1
494792886 494792793 -1
-474169947 474170041 1
508223704 508223611 -1
822425993 822425900 -1
489844480 489844387 -1
187050051 187049958 -1
417234111 417234018 -1
-55477681 55477775 1
-873518956 873519050 1
541536805 541536712 -1
657842110 657842004 -1
764179225 764179132 -1
984989762 984989669 -1
-956434250 956434344 1
-414662219 414662313 1
-402441903 402441997 1
206927207 206927114 -1
-643873505 643873599 1
857981914 857981808 -1
878018461 878018368 -1
841314312 841314219 -1
376357096 376357003 -1
488486239 488486146 -1
-781459423 781459517 1
979932883 979932777 -1
-167807239 167807333 1
37045436 37045343 -1
467365053 467364960 -1
429010493 429010400 -1
916372929 916372836 -1
908468958 908468865 -1
-302345515 302345609 1
170222847 170222741 -1
897776848 897776742 -1
907281558 907281465 -1
-354791113 354791207 1
40823774 40823668 -1
251056938 251056832 -1
-118222349 118222443 1
153190154 153190048 -1
808419221 808419115 -1
248882590 248882497 -1
82145120 82145027 -1
661888935 661888829 -1
339713339 339713246 -1
928348591 928348498 -1
-653688530 653688624 1
815061479 815061386 -1
-79620230 79620324 1
364430498 364430405 -1
152572136 152572043 -1
808116051 808115958 -1
681792689 681792583 -1
-653404226 653404320 1
325019279 325019186 -1
885998422 885998329 -1
447530920 447530827 -1
-386357555 386357649 1
720536324 720536231 -1
854753036 854752943 -1
-618613368 618613462 1
561198163 561198070 -1
757497176 757497070 -1
-299309252 299309346 1
513373789 513373696 -1
-585038326 585038420 1
653939611 653939518 -1
-320297165 320297259 1
653332833 653332740 -1
593036319 593036226 -1
183898769 183898676 -1
744080012 744079919 -1
-451687366 451687460 1
-103949585 103949679 1
435038118 435038012 -1
-128884111 128884205 1
297731505 297731412 -1
-359940510 359940604 1
739396893 739396800 -1
-726055553 726055647 1
198097360 198097267 -1
776932515 776932422 -1
985321109 985321016 -1
342131840 342131747 -1
400911056 400910950 -1
130263587 130263494 -1
988507941 988507848 -1
461515551 461515458 -1
45941883 45941777 -1
735645600 735645494 -1
394553230 394553124 -1
100500762 100500656 -1
540879130 540879037 -1
125221714 125221621 -1
-991960511 991960605 1
-770536237 770536331 1
460011032 460010939 -1
900315358 900315265 -1
141458657 141458564 -1
823824599 823824506 -1
-375476429 375476523 1
-536570728 536570822 1
458799938 458799832 -1
750272441 750272348 -1
813745496 813745390 -1
746547955 746547862 -1
581870954 581870861 -1
944912561 944912468 -1
-149308360 149308454 1
891932845 891932752 -1
478677482 478677389 -1
393927554 393927448 -1
39153414 39153321 -1
497964697 497964604 -1
143220022 143219929 -1
878891407 878891301 -1
-751613004 751613098 1
-417232450 417232544 1
606933756 606933650 -1
292769275 292769182 -1
-225504420 225504514 1
-873871265 873871359 1
482953483 482953377 -1
119513161 119513068 -1
135122890 135122797 -1
-254143224 254143318 1
128549892 128549799 -1
963877765 963877672 -1
200704482 200704389 -1
-968190394 968190488 1
-65188826 65188920 1
-206326277 206326371 1
-333449017 333449111 1
467078601 467078495 -1
-551577600 551577694 1
-863541700 863541794 1
-91353719 91353813 1
120010042 120009949 -1
940942739 940942633 -1
183065357 183065264 -1
702498356 702498263 -1
101599646 101599540 -1
490941093 490941000 -1
-94289444 94289538 1
802437166 802437073 -1
454285856 454285763 -1
929476680 929476587 -1
265793095 265793002 -1
535030282 535030189 -1
214649653 214649560 -1
481800349 481800256 -1
777157365 777157259 -1
843002911 843002818 -1
587358793 587358700 -1
447927265 447927172 -1
179349355 179349262 -1
-531007784 531007878 1
851050279 851050186 -1
-535917567 535917661 1
530363485 530363379 -1
798346738 798346632 -1
426015197 426015091 -1
250983674 250983581 -1
275145514 275145421 -1
138255613 138255507 -1
-343916038 343916132 1
225494336 225494243 -1
630115391 630115285 -1
-430116366 430116460 1
681222708 681222615 -1
-266978199 266978293 1
302701347 302701254 -1
311188294 311188188 -1
892729041 892728948 -1
82843950 82843857 -1
-942212869 942212963 1
-421116738 421116832 1
135893852 135893759 -1
862760020 862759927 -1
-406074447 406074541 1
16367834 16367741 -1
977947608 977947502 -1
72126626 72126533 -1
-94738100 94738194 1
413718397 413718304 -1
971146378 971146272 -1
-879321483 879321577 1
770320644 770320551 -1
-861858693 861858787 1
750551432 750551326 -1
607329419 607329326 -1
489866156 489866063 -1
-101249288 101249382 1
-812015046 812015140 1
196626305 196626212 -1
966058603 966058510 -1
264693615 264693509 -1
711619225 711619132 -1
429176917 429176811 -1
-219276090 219276184 1
957678460 957678367 -1
125682034 125681941 -1
-152030947 152031041 1
495529822 495529716 -1
804135040 804134947 -1
415765482 415765389 -1
163246865 163246759 -1
454061011 454060918 -1
503219449 503219356 -1
-92137515 92137609 1
-677036643 677036737 1
88314861 88314755 -1
-531836856 531836950 1
736090257 736090164 -1
719808890 719808797 -1
451531757 451531664 -1
-904095344 904095438 1
-157952073 157952167 1
-989003503 989003597 1
801902436 801902330 -1
932841599 932841506 -1
-676215578 676215672 1
643348681 643348588 -1
-94947692 94947786 1
886225291 886225198 -1
938360570 938360464 -1
200754646 200754553 -1
288554835 288554729 -1
693332760 693332667 -1
180979311 180979218 -1
331745476 331745383 -1
92372970 92372864 -1
98390643 98390550 -1
578007014 578006921 -1
-56138462 56138556 1
-144895316 144895410 1
849987405 849987312 -1
846229100 846228994 -1
-890870446 890870540 1
300899766 300899673 -1
-123417648 123417742 1
120635561 120635468 -1
35589794 35589701 -1
937818349 937818256 -1
514701594 514701501 -1
138528 138435 -1
-6402164 6402258 1
-318270470 318270564 1
-878745216 878745310 1
237704788 237704695 -1
105324865 105324759 -1
-667764383 667764477 1
93693645 93693552 -1
-299961228 299961322 1
512312242 512312149 -1
114279349 114279243 -1
-169089313 169089407 1
219940523 219940430 -1
944529181 944529088 -1
-694089595 694089689 1
-400210317 400210411 1
-310188273 310188367 1
636220923 636220830 -1
-97698568 97698662 1
-898481173 898481267 1
894224179 894224073 -1
514007662 514007569 -1
992900757 992900651 -1
507732161 507732068 -1
195124021 195123928 -1
638435096 638435003 -1
-800928270 800928364 1
742192168 742192075 -1
-25352185 25352279 1
364904380 364904287 -1
85656277 85656184 -1
236523108 236523015 -1
608400317 608400211 -1
428587350 428587257 -1
-587568627 587568721 1
-27381120 27381214 1
-64639880 64639974 1
837902745 837902652 -1
64225891 64225785 -1
-575637313 575637407 1
22069008 22068902 -1
47643476 47643370 -1
430356388 430356282 -1
-462210761 462210855 1
-521150964 521151058 1
786921760 786921667 -1
-506487132 506487226 1
756875833 756875740 -1
707260846 707260753 -1
341617453 341617360 -1
865809078 865808972 -1
649820348 649820255 -1
705527810 705527717 -1
633737505 633737399 -1
-966202917 966203011 1
403137432 403137339 -1
964150253 964150160 -1
-360619453 360619547 1
431500982 431500876 -1
924009859 924009753 -1
348496266 348496173 -1
622560243 622560150 -1
-482039896 482039990 1
-92796027 92796121 1
667690284 667690191 -1
805593939 805593833 -1
-858503699 858503793 1
-958656338 958656432 1
-587831654 587831748 1
421973893 421973787 -1
-814328313 814328407 1
112820163 112820070 -1
787655607 787655514 -1
-706529502 706529596 1
497357493 497357400 -1
-179151450 179151544 1
71932534 71932441 -1
628446247 628446154 -1
375277580 375277487 -1
965050744 965050638 -1
498499501 498499408 -1
393150534 393150441 -1
-253174178 253174272 1
72727864 72727771 -1
-158589875 158589969 1
495600210 495600104 -1
-139291738 139291832 1
881887907 881887814 -1
790524154 790524061 -1
-769098476 769098570 1
99904265 99904172 -1
496519220 496519127 -1
472411122 472411029 -1
610644960 610644867 -1
-837504393 837504487 1
679012112 679012019 -1
888156845 888156752 -1
887667005 887666912 -1
166039986 166039893 -1
-193322912 193323006 1
251213553 251213460 -1
328545629 328545536 -1
955094467 955094374 -1
2074240 2074147 -1
-974696831 974696925 1
259808418 259808312 -1
494523410 494523317 -1
61418512 61418406 -1
992967248 992967155 -1
758540037 758539944 -1
473346121 473346028 -1
258463275 258463169 -1
282000438 282000345 -1
16864466 16864373 -1
-665520572 665520666 1
252694636 252694543 -1
77336803 77336697 -1
819400328 819400222 -1
-354332096 354332190 1
-994774306 994774400 1
-809576933 809577027 1
181070240 181070134 -1
922857384 922857291 -1
-64399327 64399421 1
-389906020 389906114 1
-994010742 994010836 1
910610018 910609925 -1
-431575725 431575819 1
-715145000 715145094 1
-22757921 22758015 1
-9121700 9121794 1
-995100762 995100856 1
891324004 891323911 -1
-655521496 655521590 1
452353828 452353722 -1
956665911 956665818 -1
805367617 805367511 -1
214917501 214917395 -1
747790025 747789932 -1
663544232 663544126 -1
-956142680 956142774 1
-541429862 541429956 1
569817200 569817094 -1
905288794 905288701 -1
744523905 744523799 -1
-922754969 922755063 1
552283771 552283678 -1
712571155 712571062 -1
746739135 746739029 -1
674166223 674166130 -1
260625036 260624943 -1
425461067 425460961 -1
859657653 859657560 -1
393684597 393684504 -1
770244126 770244033 -1
-889807711 889807805 1
457176521 457176415 -1
681920123 681920017 -1
953345886 953345793 -1
914825055 914824962 -1
347515102 347514996 -1
926612614 926612521 -1
-451686171 451686265 1
191595951 191595858 -1
774510292 774510186 -1
680847646 680847553 -1
569723182 569723076 -1
281194457 281194351 -1
149337665 149337572 -1
-28453838 28453932 1
953137756 953137663 -1
733232745 733232652 -1
769857623 769857530 -1
286327304 286327198 -1
-734804364 734804458 1
191458011 191457918 -1
334049804 334049698 -1
104104040 104103947 -1
816291787 816291681 -1
491428673 491428567 -1
251692961 251692868 -1
-487577863 487577957 1
-890575403 890575497 1
164178169 164178063 -1
960281573 960281480 -1
844795788 844795695 -1
89177023 89176930 -1
700396842 700396749 -1
435256408 435256315 -1
648810973 648810867 -1
-631549979 631550073 1
-880081895 880081989 1
-629981844 629981938 1
60033078 60032985 -1
-183274889 183274983 1
114882087 114881994 -1
507892341 507892248 -1
420550752 420550659 -1
299192209 299192116 -1
-683904248 683904342 1
946637553 946637460 -1
361845407 361845314 -1
-231418026 231418120 1
-831520632 831520726 1
-257039328 257039422 1
-357662914 357663008 1
763885117 763885011 -1
958817990 958817884 -1
134627936 134627843 -1
700709502 700709409 -1
878090223 878090130 -1
795376190 795376097 -1
397132892 397132799 -1
206927413 206927320 -1
817672836 817672730 -1
-624948306 624948400 1
-742089325 742089419 1
435824586 435824493 -1
-257950951 257951045 1
-822573736 822573830 1
51209953 51209847 -1
590161200 590161107 -1
-669514074 669514168 1
172883718 172883625 -1
-609673113 609673207 1
-513038323 513038417 1
630633162 630633069 -1
733674170 733674077 -1
810587043 810586937 -1
857957519 857957413 -1
508865755 508865649 -1
259864286 259864193 -1
-90744120 90744214 1
678276261 678276168 -1
236474224 236474131 -1
-254731575 254731669 1
42117398 42117305 -1
324739751 324739658 -1
334911588 334911495 -1
121801910 121801817 -1
539116899 539116806 -1
350494027 350493921 -1
21625893 21625800 -1
746277133 746277040 -1
988414296 988414203 -1
-178339557 178339651 1
-600096804 600096898 1
-457105847 457105941 1
576235823 576235730 -1
129631756 129631663 -1
922717623 922717517 -1
598079056 598078963 -1
329012532 329012426 -1
261617626 261617533 -1
-624795368 624795462 1
-75832893 75832987 1
445260674 445260581 -1
842802892 842802799 -1
-685354145 685354239 1
897369081 897368975 -1
-730291710 730291804 1
861171229 861171136 -1
894932767 894932674 -1
-441622381 441622475 1
499589900 499589794 -1
881424502 881424396 -1
15271772 15271666 -1
652429020 652428914 -1
-620865412 620865506 1
577137387 577137294 -1
515930028 515929922 -1
551307525 551307432 -1
53099814 53099721 -1
577634538 577634445 -1
277155310 277155217 -1
790838827 790838734 -1
382620288 382620182 -1
-816385557 816385651 1
-790101421 790101515 1
-452042553 452042647 1
-563196804 563196898 1
138494370 138494264 -1
571937572 571937466 -1
-710800783 710800877 1
-850241811 850241905 1
36779322 36779216 -1
294669800 294669694 -1
96850699 96850593 -1
223560636 223560530 -1
-683522607 683522701 1
558113279 558113186 -1
-851310811 851310905 1
565657467 565657374 -1
-684757100 684757194 1
385202288 385202195 -1
387577098 387576992 -1
966437829 966437736 -1
122721670 122721577 -1
491850428 491850335 -1
-355870940 355871034 1
-273662550 273662644 1
414155 414049 -1
80059129 80059036 -1
-202617262 202617356 1
-204008836 204008930 1
266731093 266731000 -1
-906954302 906954396 1
214603680 214603574 -1
-67372235 67372329 1
979230267 979230161 -1
505066705 505066612 -1
839032650 839032557 -1
175960580 175960487 -1
342325622 342325529 -1
298454026 298453933 -1
146020484 146020391 -1
268745804 268745711 -1
803980995 803980902 -1
554854363 554854270 -1
311764950 311764857 -1
-829301014 829301108 1
181383683 181383590 -1
735365316 735365223 -1
-118851394 118851488 1
721880046 721879953 -1
557457271 557457178 -1
-819366465 819366559 1
804204254 804204161 -1
135274876 135274783 -1
230924601 230924508 -1
279336954 279336861 -1
-297950344 297950438 1
-401219730 401219824 1
387607714 387607621 -1
534786136 534786043 -1
-971151006 971151100 1
885405782 885405676 -1
619433556 619433463 -1
764540600 764540507 -1
-978030107 978030201 1
-828778736 828778830 1
-220782145 220782239 1
883208442 883208349 -1
-24348098 24348192 1
-227677870 227677964 1
55716528 55716422 -1
830316376 830316283 -1
-617216568 617216662 1
-153740124 153740218 1
460816261 460816168 -1
-861997940 861998034 1
107288583 107288490 -1
249691118 249691012 -1
753350861 753350768 -1
224070785 224070692 -1
-126034414 126034508 1
856337939 856337846 -1
670675667 670675561 -1
549306949 549306843 -1
408246936 408246843 -1
155570642 155570549 -1
661778556 661778463 -1
736423691 736423598 -1
176091961 176091868 -1
134670310 134670217 -1
-292278236 292278330 1
-308466801 308466895 1
-862663422 862663516 1
-538274045 538274139 1
-889106609 889106703 1
-292698797 292698891 1
240737983 240737877 -1
288071268 288071175 -1
-715171585 715171679 1
243523042 243522949 -1
981323409 981323316 -1
993933874 993933781 -1
241095512 241095419 -1
644492964 644492871 -1
870066397 870066304 -1
668783818 668783725 -1
9174712 9174619 -1
23381491 23381398 -1
479475333 479475240 -1
426697087 426696994 -1
-467080222 467080316 1
971221484 971221391 -1
896517248 896517155 -1
-605237464 605237558 1
358528242 358528136 -1
406997084 406996991 -1
