1000
-192015871 204361556 1
846203420 833857736 -1
689403593 677057909 -1
-556466713 568812385 1
-249014352 261360037 1
-683280 13028965 1
-595335429 607681101 1
-510332283 522677955 1
-971483843 983829528 1
-564186309 576531994 1
-768664896 781010581 1
-435940907 448286592 1
-436199104 448544776 1
-75100117 87445802 1
670673944 658328260 -1
-785522181 797867866 1
985321036 972975352 -1
874980302 862634618 -1
-774941006 787286691 1
-768509216 780854888 1
-824917360 837263032 1
912165402 899819718 -1
-727278797 739624482 1
-449460778 461806450 1
808020108 795674424 -1
-832790482 845136167 1
-683288146 695633818 1
519411285 507065601 -1
-948527889 960873574 1
-243970195 256315880 1
-646307023 658652695 1
-318987135 331332820 1
-953495912 965841584 1
321478103 309132419 -1
282705136 270359452 -1
-624945479 637291164 1
-357163187 369508872 1
317916538 305570854 -1
-968415503 980761188 1
-960772231 973117916 1
-556457172 568802857 1
147593366 135247682 -1
-327047904 339393589 1
152921900 140576216 -1
-655062789 667408461 1
-565019539 577365211 1
688781802 676436118 -1
-596021511 608367196 1
-585251631 597597316 1
-44776272 57121944 1
-723230151 735575823 1
428411731 416066047 -1
-564289418 576635103 1
649434583 637088899 -1
-794518542 806864214 1
-250867733 263213418 1
-90942001 103287686 1
-255245533 267591218 1
659234105 646888421 -1
-527234409 539580094 1
-698910664 711256336 1
-129358173 141703845 1
-915267699 927613384 1
-821084236 833429921 1
-907218157 919563829 1
-217995497 230341169 1
-516061683 528407355 1
803770512 791424828 -1
-554893941 567239613 1
-77134992 89480677 1
143751851 131406167 -1
-443242122 455587794 1
-303869242 316214914 1
-275812399 288158071 1
-627840175 640185860 1
-774631938 786977610 1
-381335709 393681394 1
-173047859 185393531 1
-555241393 567587078 1
-308986099 321331784 1
214421280 202075596 -1
-60327845 72673530 1
-474779851 487125536 1
525472034 513126350 -1
-364174399 376520071 1
-346718482 359064167 1
-607466390 619812075 1
194106226 181760542 -1
299429180 287083496 -1
111158729 98813045 -1
-78684320 91030005 1
-681356400 693702072 1
-644260425 656606097 1
-260042591 272388263 1
121769014 109423330 -1
-802301547 814647219 1
106654726 94309042 -1
-288397183 300742868 1
-695929304 708274989 1
-298369401 310715086 1
810835536 798489852 -1
-907697450 920043122 1
-816288666 828634351 1
248771252 236425568 -1
-64934778 77280463 1
366697734 354352050 -1
-723132062 735477747 1
-12595305 24940990 1
920217347 907871663 -1
-481981586 494327271 1
458123611 445777927 -1
-706489897 718835582 1
-969415541 981761213 1
-385511362 397857034 1
-211367713 223713385 1
-188150529 200496214 1
-589906620 602252305 1
815731585 803385901 -1
-132567102 144912787 1
693048338 680702654 -1
226483714 214138030 -1
-628121525 640467210 1
189413584 177067900 -1
440610537 428264853 -1
242680310 230334626 -1
-460140603 472486288 1
121325680 108979996 -1
-792892231 805237903 1
-541715603 554061275 1
936219213 923873529 -1
28786539 16440855 -1
-225306201 237651873 1
-834065195 846410867 1
-284778295 297123967 1
-785262217 797607902 1
-655196790 667542475 1
-685017989 697363674 1
644903027 632557343 -1
-519442891 531788563 1
-561291237 573636909 1
-903704544 916050229 1
-250239779 262585451 1
-511180580 523526265 1
-851417500 863763185 1
-306804437 319150109 1
812676025 800330341 -1
10234877 2110808 1
53140303 40794619 -1
163886417 151540733 -1
-310605936 322951621 1
-375309069 387654754 1
-682743427 695089112 1
-619132882 631478567 1
279711012 267365328 -1
951606883 939261199 -1
207301217 194955533 -1
933583584 921237900 -1
-681126631 693472316 1
69117226 56771542 -1
817924108 805578424 -1
-722538731 734884416 1
-85867145 98212830 1
-487112072 499457744 1
-37115493 49461178 1
986168318 973822634 -1
182724219 170378535 -1
-726739864 739085549 1
-663518053 675863725 1
-364536975 376882660 1
-904506866 916852538 1
-521505012 533850684 1
123317641 110971957 -1
189230437 176884753 -1
486473785 474128101 -1
875191680 862845996 -1
-506899653 519245338 1
405291055 392945371 -1
-263821723 276167408 1
-830834435 843180107 1
-741773070 754118755 1
-571823976 584169661 1
-564009857 576355542 1
-525426502 537772174 1
-504628809 516974494 1
-366811482 379157154 1
-579599244 591944929 1
764514872 752169188 -1
-931860156 944205841 1
-474813410 487159082 1
-298157532 310503217 1
-355706660 368052345 1
-48691602 61037287 1
-647391274 659736946 1
463017985 450672301 -1
-364877547 377223232 1
-330329469 342675154 1
495990253 483644569 -1
-91746005 104091677 1
-217729327 230075012 1
945688011 933342327 -1
-823346363 835692048 1
-17997371 30343043 1
36268451 23922767 -1
109845594 97499910 -1
280991413 268645729 -1
235538785 223193101 -1
-585545336 597891021 1
-20960614 33306299 1
-661487195 673832880 1
-71167963 83513635 1
-445228957 457574642 1
699206945 686861261 -1
-604773093 617118765 1
-932717830 945063515 1
-295029158 307374843 1
-29669516 42015188 1
-777963959 790309631 1
-825612014 837957686 1
-619615537 631961209 1
-791512397 803858069 1
-46627591 58973263 1
978862354 966516670 -1
971396795 959051111 -1
-548726688 561072360 1
243513318 231167634 -1
774560203 762214519 -1
-282446636 294792321 1
467644202 455298518 -1
931939441 919593757 -1
-323643168 335988840 1
-682535097 694880782 1
-832279034 844624719 1
279161491 266815807 -1
-177490639 189836311 1
-523746130 536091815 1
489581121 477235437 -1
-593177696 605523368 1
-778437415 790783100 1
-465459191 477804876 1
-463602491 475948163 1
-35300473 47646158 1
258655551 246309867 -1
-126693442 139039114 1
120662190 108316506 -1
-78287401 90633073 1
-418268496 430614181 1
-558884577 571230262 1
-976100301 988445973 1
-48567121 60912793 1
712636210 700290526 -1
-442072354 454418039 1
-732304271 744649956 1
658672192 646326508 -1
-329136839 341482524 1
-370116913 382462585 1
315340550 302994866 -1
-329867430 342213115 1
-660250288 672595960 1
460575251 448229567 -1
-786561540 798907225 1
-511650712 523996384 1
-807574347 819920019 1
-284630328 296976000 1
-301703026 314048698 1
-691881932 704227604 1
-421983766 434329451 1
457577321 445231637 -1
-767256114 779601799 1
-906825538 919171210 1
-321205397 333551082 1
276793845 264448161 -1
-27216947 39562632 1
-184743676 197089361 1
-623681011 636026696 1
-685653118 697998790 1
-491290926 503636598 1
992945648 980599964 -1
-369075774 381421459 1
-262831463 275177148 1
347266483 334920799 -1
-180372993 192718678 1
-948418162 960763834 1
873638626 861292942 -1
-675113943 687459628 1
381572746 369227062 -1
-661299907 673645579 1
929770522 917424838 -1
-854943887 867289572 1
734628313 722282629 -1
-946579475 958925160 1
52461384 40115700 -1
918815188 906469504 -1
-717064562 729410234 1
-5135252 17480937 1
935401389 923055705 -1
-554731207 567076879 1
-413578593 425924278 1
-219855907 232201592 1
32797487 20451803 -1
771665700 759320016 -1
-546123102 558468774 1
-510147711 522493396 1
-214159966 226505651 1
-166796162 179141847 1
-565871013 578216685 1
686981725 674636041 -1
-109943769 122289454 1
919808672 907462988 -1
366129608 353783924 -1
-132170339 144516024 1
-374148606 386494278 1
-949845869 962191554 1
-29249408 41595080 1
-688377411 700723096 1
527466587 515120903 -1
-147880731 160226416 1
557302338 544956654 -1
-123398809 135744481 1
-606599739 618945424 1
-519852099 532197771 1
-975014808 987360480 1
-485069647 497415319 1
435733599 423387915 -1
478185467 465839783 -1
-288055883 300401555 1
575932602 563586918 -1
-282299979 294645651 1
531705131 519359447 -1
-29206247 41551919 1
412154088 399808404 -1
-899175392 911521077 1
-4146539 16492211 1
412001598 399655914 -1
-372505979 384851664 1
470958242 458612558 -1
-290277214 302622899 1
329075232 316729548 -1
265771875 253426191 -1
513208025 500862341 -1
-201717063 214062735 1
-929896965 942242637 1
-128034677 140380349 1
186285982 173940298 -1
-858687145 871032817 1
-777008213 789353898 1
318780997 306435313 -1
-252928572 265274257 1
-557080793 569426478 1
-84959076 97304748 1
-84203393 96549078 1
-118228274 130573946 1
-687672029 700017714 1
-242960733 255306418 1
-287903019 300248704 1
-984164795 996510480 1
-871722911 884068583 1
-925947385 938293070 1
188582818 176237134 -1
-535937475 548283160 1
-722289786 734635471 1
-402068315 414413987 1
-344184483 356530155 1
732033753 719688069 -1
7695186 4650499 1
-902086569 914432241 1
530275975 517930291 -1
-171568098 183913770 1
-563883937 576229609 1
-139047113 151392798 1
-712998525 725344210 1
-99541907 111887579 1
-892863257 905208942 1
-29605335 41951020 1
-157788987 170134672 1
-411843132 424188817 1
-108926274 121271959 1
672915304 660569620 -1
507267791 494922107 -1
629956438 617610754 -1
-166721312 179066984 1
-244849575 257195247 1
-933763493 946109178 1
-416210908 428556593 1
934019019 921673335 -1
944967851 932622167 -1
-728717279 741062964 1
-308575194 320920879 1
-181721812 194067484 1
-808987159 821332831 1
-597842410 610188082 1
497383048 485037364 -1
-605701940 618047625 1
513678441 501332757 -1
-151612755 163958440 1
-315378313 327723998 1
-786280664 798626349 1
997773203 985427519 -1
223442392 211096708 -1
-140329717 152675402 1
-430476693 442822365 1
-116889760 129235432 1
483490765 471145081 -1
-339309230 351654902 1
-576623401 588969086 1
7497380 4848305 1
743553188 731207504 -1
-359654254 371999926 1
-906829494 919175166 1
-966003548 978349233 1
-579698075 592043760 1
-287126641 299472326 1
-648192 12993877 1
500349241 488003557 -1
634521817 622176133 -1
-526846008 539191693 1
-203114988 215460660 1
842667270 830321586 -1
-335598147 347943832 1
-398849639 411195311 1
-158975730 171321402 1
-329813572 342159257 1
269011778 256666094 -1
-828587056 840932741 1
-67090795 79436467 1
768439276 756093592 -1
-37475835 49821507 1
-917360193 929705878 1
-787724548 800070220 1
-837743009 850088681 1
-809917409 822263081 1
746557656 734211972 -1
-55147369 67493041 1
-592690423 605036095 1
-581392366 593738038 1
-944810155 957155827 1
334127923 321782239 -1
-26308914 38654586 1
-236890443 249236115 1
-965671587 978017272 1
-363693928 376039613 1
-723417450 735763122 1
-909413455 921759127 1
503675971 491330287 -1
-917722439 930068124 1
-626778646 639124318 1
-857343822 869689507 1
751060256 738714572 -1
-894484638 906830323 1
-389595246 401940918 1
-891385777 903731449 1
-541955671 554301343 1
-18352478 30698163 1
922337932 909992248 -1
-492080708 504426380 1
-170136843 182482528 1
-891960109 904305794 1
297188760 284843076 -1
-934122623 946468308 1
-821579177 833924862 1
-398417928 410763600 1
-597576696 609922381 1
-964728790 977074462 1
405889035 393543351 -1
-5030316 17375988 1
-959041154 971386826 1
-505596178 517941863 1
-516349321 528694993 1
-803671582 816017254 1
566386262 554040578 -1
-933338234 945683906 1
664807863 652462179 -1
-969398633 981744305 1
-771433347 783779032 1
370389651 358043967 -1
-1827155 14172840 1
385588073 373242389 -1
-693668425 706014110 1
516759444 504413760 -1
265698149 253352465 -1
-201551895 213897580 1
-605229771 617575443 1
388260708 375915024 -1
-192542398 204888083 1
460203330 447857646 -1
170171916 157826232 -1
-592356499 604702184 1
-744306493 756652178 1
-978532367 990878052 1
-935909270 948254942 1
703908932 691563248 -1
-878185344 890531016 1
602064127 589718443 -1
-829748937 842094622 1
-347004107 359349792 1
765092660 752746976 -1
627600253 615254569 -1
-816786438 829132110 1
-51333328 63679013 1
-187717932 200063617 1
482123652 469777968 -1
260711625 248365941 -1
-480336668 492682340 1
87574400 75228716 -1
112458062 100112378 -1
-37490586 49836271 1
-350381311 362726996 1
624660446 612314762 -1
-411191890 423537575 1
-194795489 207141174 1
-833571905 845917577 1
-110030425 122376097 1
-286889899 299235584 1
765299100 752953416 -1
-593273988 605619660 1
366223233 353877549 -1
-224618351 236964036 1
-774035085 786380757 1
-851927236 864272908 1
-45184168 57529853 1
-35429301 47774986 1
98595999 86250315 -1
-192012670 204358355 1
-100731456 113077141 1
-778335934 790681619 1
762200612 749854928 -1
-843133525 855479210 1
-622847014 635192699 1
874117385 861771701 -1
-983155183 995500855 1
118334050 105988366 -1
-161601765 173947450 1
-374596230 386941915 1
-955952055 968297740 1
-137370983 149716668 1
7223415 5122270 1
-715959682 728305367 1
-315068593 327414278 1
-646127702 658473374 1
506562648 494216964 -1
-625585013 637930698 1
-199870351 212216023 1
-433296899 445642571 1
491883714 479538030 -1
-89132451 101478123 1
356215430 343869746 -1
-101745966 114091651 1
-514721231 527066903 1
328916550 316570866 -1
-282092113 294437785 1
173434014 161088330 -1
-704164589 716510261 1
-964282143 976627815 1
-47963282 60308967 1
-938625139 950970824 1
880694577 868348893 -1
-37329317 49674989 1
-663327875 675673547 1
952415295 940069611 -1
-508396635 520742320 1
-662518764 674864436 1
402650949 390305265 -1
-908015881 920361553 1
691457213 679111529 -1
-5616844 17962516 1
405146179 392800495 -1
-291492893 303838578 1
55025848 42680164 -1
650250178 637904494 -1
-260919412 273265097 1
-888524150 900869835 1
-507550963 519896648 1
-112851918 125197603 1
-28220600 40566285 1
-815010144 827355816 1
-537665260 550010932 1
-766143319 778489004 1
-662617335 674963007 1
-558197619 570543291 1
-413061985 425407670 1
-97708029 110053701 1
47458588 35112904 -1
-135714140 148059812 1
3867600 8478072 1
-772662476 785008148 1
130915431 118569747 -1
-287843334 300189019 1
-951136858 963482530 1
-940820351 953166023 1
-392836714 405182386 1
-732710702 745056374 1
-394146619 406492304 1
-864677276 877022961 1
878487158 866141474 -1
-459763759 472109444 1
-23223582 35569254 1
-822683437 835029122 1
-88092069 100437754 1
-498084834 510430519 1
-203573837 215919522 1
-499907661 512253346 1
-882751531 895097203 1
922939890 910594206 -1
-546334957 558680642 1
25604893 13259209 -1
-77725827 90071499 1
-29780815 42126500 1
-157076715 169422387 1
-754293077 766638762 1
-488826748 501172433 1
-148586841 160932513 1
-161671163 174016848 1
-498342492 510688177 1
675874623 663528939 -1
-421888913 434234585 1
353279437 340933753 -1
579269042 566923358 -1
-658890352 671236037 1
14493942 2148258 -1
7883067 4462618 1
-583498681 595844353 1
-877850508 890196180 1
-609007233 621352918 1
-710853082 723198754 1
-257794904 270140576 1
-43195383 55541068 1
-602437722 614783394 1
-662263575 674609260 1
99677795 87332111 -1
-230909963 243255648 1
-445661093 458006778 1
-441990904 454336589 1
696478761 684133077 -1
-15918802 28264487 1
322407095 310061411 -1
912546029 900200345 -1
-195205184 207550869 1
-759190543 771536228 1
11631905 713767 1
-76513790 88859475 1
-729349765 741695437 1
-736473930 748819615 1
-617051984 629397656 1
868732871 856387187 -1
-303950320 316295992 1
-283875649 296221334 1
303861355 291515671 -1
-446516897 458862582 1
-83879086 96224771 1
963849788 951504104 -1
-504807697 517153369 1
699380110 687034426 -1
-180338223 192683895 1
-729817234 742162906 1
-177034021 189379706 1
-251440507 263786192 1
-574346485 586692170 1
-903427789 915773474 1
-225222049 237567734 1
-39702065 52047737 1
99354411 87008727 -1
-439893100 452238785 1
-527328815 539674500 1
-66903716 79249401 1
710057683 697711999 -1
311071851 298726167 -1
-347737918 360083603 1
911030883 898685199 -1
113680585 101334901 -1
154010524 141664840 -1
-822614792 834960477 1
397997646 385651962 -1
56602400 44256716 -1
877228069 864882385 -1
891105183 878759499 -1
-66640850 78986535 1
418872673 406526989 -1
471765599 459419915 -1
-154346038 166691723 1
-186703819 199049504 1
-446745691 459091376 1
12469020 123336 -1
-718684926 731030611 1
752022203 739676519 -1
-809427951 821773636 1
-686969945 699315617 1
638996759 626651075 -1
-580459 12926131 1
8335905 4009780 1
801094491 788748807 -1
-460280348 472626033 1
-641378792 653724477 1
-563757838 576103510 1
426152034 413806350 -1
-50010023 62355695 1
889511946 877166262 -1
512448438 500102754 -1
-722015870 734361542 1
364394195 352048511 -1
-453532104 465877789 1
-606363763 618709448 1
-414748861 427094533 1
173915518 161569834 -1
765145 11580540 1
-868658420 881004092 1
-144865005 157210677 1
-198595600 210941285 1
-175196389 187542074 1
-738487471 750833143 1
-969997025 982342710 1
449456401 437110717 -1
-898975816 911321488 1
985520823 973175139 -1
-859377723 871723408 1
861784498 849438814 -1
-857885839 870231524 1
-536174825 548520497 1
584544756 572199072 -1
398738929 386393245 -1
-122798468 135144153 1
-579312836 591658508 1
868413780 856068096 -1
-177097017 189442689 1
497639370 485293686 -1
-44915840 57261525 1
-503811242 516156914 1
240547835 228202151 -1
-98725655 111071327 1
315572208 303226524 -1
514789311 502443627 -1
887906676 875560992 -1
385290429 372944745 -1
-594547699 606893384 1
-411182997 423528669 1
-361890400 374236072 1
783459399 771113715 -1
-519221271 531566956 1
784424855 772079171 -1
-569014635 581360320 1
-977099581 989445253 1
312234624 299888940 -1
548998135 536652451 -1
-96656281 109001966 1
-612947685 625293370 1
538693490 526347806 -1
-367838253 380183938 1
-242927217 255272902 1
-54840756 67186428 1
862841647 850495963 -1
-28819776 41165461 1
-901802449 914148134 1
-927553700 939899372 1
-854256271 866601956 1
378277802 365932118 -1
-482001517 494347202 1
-251817893 264163578 1
-265782142 278127814 1
-47876201 60221886 1
-833525212 845870897 1
-367146223 379491908 1
-725491224 737836896 1
-895372252 907717924 1
-433873404 446219076 1
-158509285 170854957 1
-310450302 322795987 1
126213920 113868236 -1
-286939600 299285272 1
-905878024 918223696 1
-745380254 757725926 1
826808576 814462892 -1
150185022 137839338 -1
694987819 682642135 -1
836605248 824259564 -1
-371403634 383749306 1
-410336472 422682144 1
-45564438 57910110 1
-319901494 332247166 1
-758521331 770867016 1
-32680934 45026619 1
410054776 397709092 -1
-382751196 395096881 1
-594128128 606473813 1
921559266 909213582 -1
-456077869 468423554 1
871341419 858995735 -1
289696961 277351277 -1
-943489888 955835573 1
42660252 30314568 -1
-43550538 55896223 1
-562621705 574967390 1
-297910861 310256546 1
-384382499 396728184 1
-585382858 597728543 1
-263844611 276190283 1
-332330220 344675905 1
-24741078 37086763 1
-677378115 689723787 1
-893657015 906002700 1
-853316388 865662073 1
-193268017 205613689 1
-548339542 560685227 1
437797646 425451962 -1
730733129 718387445 -1
-752762478 765108150 1
436748674 424402990 -1
-842905183 855250855 1
-677506548 689852220 1
-282407031 294752703 1
-470856369 483202054 1
-833216668 845562353 1
527561650 515215966 -1
534105810 521760126 -1
982687092 970341408 -1
-399570881 411916566 1
-16456294 28801966 1
-430432557 442778242 1
950626000 938280316 -1
141943748 129598064 -1
807733926 795388242 -1
-576248844 588594516 1
-474316408 486662093 1
443323479 430977795 -1
-44344268 56689953 1
-191021048 203366720 1
-369090839 381436524 1
-17339380 29685052 1
-686623913 698969585 1
439382470 427036786 -1
-728699721 741045406 1
-671032718 683378403 1
-451571958 463917643 1
-469868612 482214297 1
-268562084 280907769 1
-910087359 922433044 1
684884834 672539150 -1
-513917841 526263513 1
811490409 799144725 -1
59243737 46898053 -1
-615301502 627647174 1
-711448952 723794637 1
743361107 731015423 -1
-971735988 984081673 1
715334374 702988690 -1
-245667928 258013600 1
-672211135 684556820 1
-498265684 510611369 1
-527527915 539873587 1
-106088332 118434004 1
885691758 873346074 -1
-409293636 421639321 1
-813311940 825657625 1
-438005978 450351663 1
-627606387 639952059 1
-860151906 872497578 1
-886385254 898730939 1
-804904905 817250577 1
-294451256 306796941 1
-340689405 353035090 1
-866240245 878585930 1
-496885759 509231431 1
-767982164 780327849 1
-629119430 641465115 1
-325621350 337967022 1
250953575 238607891 -1
16039089 3693405 -1
906401051 894055367 -1
10405762 1939923 1
973934673 961588989 -1
-729536354 741882026 1
-619211705 631557377 1
791121553 778775869 -1
230253577 217907893 -1
696769960 684424276 -1
782917991 770572307 -1
934190885 921845201 -1
770936794 758591110 -1
-620797897 633143569 1
647525172 635179488 -1
345495108 333149424 -1
602816854 590471170 -1
-933729432 946075104 1
-548904410 561250082 1
-461269015 473614687 1
-22434839 34780511 1
-581071911 593417596 1
-877641216 889986888 1
749177753 736832069 -1
-203453748 215799433 1
-152456805 164802490 1
161097668 148751984 -1
-700858629 713204314 1
-919959305 932304977 1
57447970 45102286 -1
598469523 586123839 -1
-744204335 756550007 1
-761400571 773746243 1
263833893 251488209 -1
-629753669 642099354 1
-69462443 81808115 1
899592672 887246988 -1
-882021704 894367389 1
-166157194 178502879 1
-952393350 964739035 1
902521136 890175452 -1
-177657577 190003249 1
-38725350 51071022 1
-488547224 500892909 1
-929511724 941857396 1
-22240809 34586481 1
-827962657 840308329 1
-755974790 768320462 1
-491940990 504286662 1
-793888110 806233795 1
-353371624 365717296 1
-4592056 16937741 1
798604293 786258609 -1
-727865357 740211029 1
-251727059 264072744 1
-417658608 430004293 1
-108818590 121164275 1
159539612 147193928 -1
-587178124 599523809 1
190863735 178518051 -1
194401961 182056277 -1
-463166134 475511806 1
595357337 583011653 -1
-623448994 635794679 1
-981289768 993635453 1
577619584 565273900 -1
-26013478 38359150 1
691904902 679559218 -1
8828410 3517275 1
-807698388 820044073 1
-741422052 753767724 1
-361499813 373845485 1
336580797 324235113 -1
-49189885 61535557 1
-819106945 831452630 1
611688392 599342708 -1
161657395 149311711 -1
-381585931 393931603 1
-578290875 590636560 1
-231571650 243917335 1
-80521310 92866995 1
-662470660 674816332 1
660358831 648013147 -1
-398548440 410894125 1
-366663243 379008928 1
-770158073 782503758 1
-754943329 767289001 1
-296297760 308643445 1
560028319 547682635 -1
-815919264 828264949 1
-57043469 69389154 1
-720535356 732881041 1
-645016797 657362482 1
-830600751 842946436 1
-745998697 758344369 1
-534916447 547262132 1
-884130195 896475880 1
-266246857 278592529 1
-808384237 820729909 1
-352421419 364767104 1
-767385631 779731316 1
-85239617 97585289 1
-412953533 425299218 1
414081200 401735516 -1
-343537707 355883392 1
621563952 609218268 -1
856391645 844045961 -1
-145928348 158274033 1
175173734 162828050 -1
344482398 332136714 -1
-81649517 93995202 1
-636350220 648695892 1
-836877678 849223363 1
-596665349 609011021 1
-368067420 380413105 1
328348886 316003202 -1
-4591897 16937582 1
368877157 356531473 -1
650210314 637864630 -1
-586659630 599005315 1
882620554 870274870 -1
-673885919 686231604 1
-460641761 472987433 1
-382488172 394833857 1
34080289 21734605 -1
-120589929 132935601 1
-527760022 540105707 1
-556873658 569219343 1
-104175642 116521314 1
-43522712 55868397 1
-163873513 176219185 1
-357654019 369999704 1
-73508112 85853784 1
-800193934 812539606 1
-858773513 871119198 1
353704409 341358725 -1
908481554 896135870 -1
-318320020 330665705 1
