1000
664900355 664900262 -1
-124426241 124426335 1
825129833 825129727 -1
24014454 24014361 -1
612448964 612448871 -1
-931597910 931598004 1
231214299 231214193 -1
-601733912 601734006 1
-61742551 61742645 1
695730095 695730002 -1
-47503964 47504058 1
818558939 818558833 -1
679442425 679442332 -1
-109861608 109861702 1
438291570 438291477 -1
-550672957 550673051 1
372739653 372739560 -1
-907034064 907034158 1
-392295282 392295376 1
208306196 208306103 -1
-633894241 633894335 1
644566714 644566608 -1
859282929 859282823 -1
-736337072 736337166 1
617391752 617391646 -1
-7663564 7663658 1
399892341 399892235 -1
109572231 109572125 -1
546503749 546503656 -1
244939897 244939804 -1
778615512 778615419 -1
415383928 415383822 -1
872379902 872379809 -1
171926062 171925969 -1
-524205698 524205792 1
-998013752 998013846 1
457161707 457161601 -1
571180288 571180182 -1
103188914 103188808 -1
593416171 593416065 -1
-28918208 28918302 1
34134502 34134396 -1
-42032665 42032759 1
373044212 373044119 -1
345245875 345245782 -1
850847707 850847614 -1
-411746738 411746832 1
464952801 464952708 -1
862471897 862471804 -1
91156731 91156625 -1
-459478731 459478825 1
-147688373 147688467 1
183643374 183643281 -1
462443429 462443336 -1
65049721 65049615 -1
574693974 574693881 -1
248896429 248896336 -1
-854421263 854421357 1
101619695 101619602 -1
338462516 338462423 -1
720580271 720580178 -1
855168547 855168441 -1
943468777 943468684 -1
-993951997 993952091 1
142611650 142611557 -1
148641669 148641563 -1
586288565 586288472 -1
-253206296 253206390 1
-267023124 267023218 1
-933323232 933323326 1
831117997 831117891 -1
-67506959 67507053 1
432831706 432831600 -1
847781801 847781708 -1
-584223627 584223721 1
-833504896 833504990 1
-781327750 781327844 1
980438921 980438828 -1
517162291 517162185 -1
209472877 209472784 -1
189612896 189612790 -1
229556647 229556541 -1
708271170 708271077 -1
601311472 601311366 -1
225181277 225181184 -1
153625118 153625025 -1
738503685 738503592 -1
893794408 893794302 -1
-598145901 598145995 1
920281490 920281397 -1
-637394636 637394730 1
-52148206 52148300 1
297600292 297600186 -1
426588643 426588550 -1
904544797 904544691 -1
296994568 296994475 -1
46431182 46431076 -1
84534891 84534785 -1
-321470033 321470127 1
141292553 141292447 -1
-481065488 481065582 1
-759369253 759369347 1
-587550262 587550356 1
60828794 60828688 -1
703235239 703235133 -1
-94637197 94637291 1
476787204 476787098 -1
-469720445 469720539 1
-897132589 897132683 1
-974432243 974432337 1
691365713 691365607 -1
180122393 180122300 -1
562185007 562184914 -1
183390261 183390168 -1
142737711 142737605 -1
993203864 993203771 -1
-293818114 293818208 1
-35190433 35190527 1
-272209567 272209661 1
-955792035 955792129 1
361425782 361425689 -1
-334006240 334006334 1
786188346 786188240 -1
-229746128 229746222 1
-499670288 499670382 1
135906928 135906835 -1
414611001 414610908 -1
827077798 827077692 -1
389204338 389204232 -1
312169763 312169670 -1
-541477702 541477796 1
-306290323 306290417 1
527844131 527844025 -1
972898714 972898621 -1
-678149480 678149574 1
375657286 375657193 -1
930387810 930387717 -1
849151816 849151710 -1
38741061 38740968 -1
157578711 157578618 -1
-4329581 4329675 1
658735679 658735586 -1
824117167 824117061 -1
-871358265 871358359 1
49249583 49249477 -1
765437536 765437430 -1
159493790 159493684 -1
237831768 237831662 -1
359556012 359555919 -1
910725066 910724960 -1
76543794 76543701 -1
462606458 462606352 -1
484643964 484643858 -1
-102607825 102607919 1
41168351 41168245 -1
-406930022 406930116 1
110515497 110515404 -1
-232456273 232456367 1
868574646 868574540 -1
-378431131 378431225 1
253098738 253098645 -1
21968395 21968302 -1
17731345 17731252 -1
547856029 547855923 -1
751485506 751485413 -1
685832322 685832229 -1
229752371 229752265 -1
-937060942 937061036 1
338019247 338019154 -1
281228451 281228345 -1
504802768 504802675 -1
846790639 846790533 -1
781612473 781612380 -1
450659100 450659007 -1
-435209857 435209951 1
211055932 211055826 -1
-231220792 231220886 1
-235634746 235634840 1
417664514 417664421 -1
629283901 629283808 -1
196161997 196161904 -1
2120188 2120082 -1
-212926892 212926986 1
-534741388 534741482 1
-115307548 115307642 1
480284878 480284772 -1
519398721 519398628 -1
503302853 503302760 -1
638579349 638579256 -1
594265559 594265453 -1
613217418 613217312 -1
-778693748 778693842 1
569271381 569271288 -1
539284094 539283988 -1
24318860 24318767 -1
644216922 644216829 -1
-172974553 172974647 1
-694449050 694449144 1
154674258 154674165 -1
572694533 572694440 -1
96780770 96780677 -1
-55217741 55217835 1
728043987 728043894 -1
533829291 533829185 -1
643505341 643505248 -1
-914445231 914445325 1
814102317 814102224 -1
852141630 852141537 -1
-708307962 708308056 1
-450912532 450912626 1
751336915 751336822 -1
-753677704 753677798 1
-424987670 424987764 1
-217256994 217257088 1
246969824 246969718 -1
672726672 672726579 -1
-401077467 401077561 1
415003116 415003023 -1
363105594 363105501 -1
119492534 119492428 -1
971476756 971476650 -1
933617112 933617006 -1
933916044 933915951 -1
381931428 381931335 -1
-692072684 692072778 1
980959673 980959567 -1
994567268 994567175 -1
488419803 488419710 -1
278589184 278589091 -1
13218549 13218443 -1
555997865 555997772 -1
565426690 565426584 -1
286085176 286085083 -1
108100030 108099937 -1
-965497253 965497347 1
488224432 488224326 -1
745508168 745508075 -1
872217213 872217120 -1
799364833 799364740 -1
-849031635 849031729 1
-576577987 576578081 1
-621348210 621348304 1
260250368 260250275 -1
251228996 251228903 -1
375094023 375093930 -1
36639839 36639746 -1
943850940 943850834 -1
852643214 852643108 -1
160245205 160245112 -1
303092529 303092436 -1
430578390 430578284 -1
667849540 667849447 -1
627585098 627584992 -1
-166459774 166459868 1
775524187 775524081 -1
300450298 300450192 -1
916862710 916862617 -1
-19892536 19892630 1
-507362179 507362273 1
-275586857 275586951 1
820959587 820959494 -1
312070877 312070784 -1
812640974 812640868 -1
-483595357 483595451 1
143388212 143388119 -1
928902823 928902730 -1
221836826 221836720 -1
-88428687 88428781 1
-681957500 681957594 1
-826820054 826820148 1
890369638 890369545 -1
668596839 668596733 -1
-889574927 889575021 1
88045925 88045832 -1
339321925 339321819 -1
588677949 588677843 -1
-300640624 300640718 1
914934043 914933937 -1
15986212 15986119 -1
-571847015 571847109 1
645249983 645249890 -1
-338411274 338411368 1
827654119 827654013 -1
79620397 79620304 -1
-315538638 315538732 1
-537955428 537955522 1
-954327385 954327479 1
556441500 556441407 -1
-264430724 264430818 1
796262635 796262529 -1
473232445 473232352 -1
202547350 202547257 -1
404747184 404747091 -1
635513032 635512939 -1
-428230594 428230688 1
941731737 941731644 -1
-190026581 190026675 1
463702586 463702493 -1
-283656336 283656430 1
67964471 67964378 -1
472683221 472683115 -1
882824735 882824642 -1
973190977 973190884 -1
230847263 230847157 -1
276387362 276387256 -1
-122125425 122125519 1
319984228 319984135 -1
-273360129 273360223 1
-225520181 225520275 1
965144969 965144876 -1
722829008 722828902 -1
155097650 155097557 -1
42800720 42800627 -1
879287173 879287080 -1
745420233 745420140 -1
-255583260 255583354 1
308799527 308799421 -1
-553492210 553492304 1
-958394798 958394892 1
-291477575 291477669 1
189138967 189138861 -1
646776810 646776717 -1
860037307 860037201 -1
115716502 115716396 -1
525301479 525301373 -1
222394628 222394535 -1
850850203 850850097 -1
-440820089 440820183 1
-606636900 606636994 1
161042591 161042498 -1
130333880 130333774 -1
155938658 155938565 -1
-359226567 359226661 1
851600287 851600181 -1
95216907 95216814 -1
54082839 54082746 -1
-676652326 676652420 1
970013722 970013629 -1
252832062 252831969 -1
49814317 49814211 -1
-412877574 412877668 1
-152153603 152153697 1
354730810 354730704 -1
150663289 150663196 -1
-52560007 52560101 1
250476496 250476403 -1
365567409 365567316 -1
499044153 499044060 -1
139611005 139610912 -1
-895174454 895174548 1
867132745 867132652 -1
-647697179 647697273 1
781865333 781865240 -1
275112569 275112476 -1
891415995 891415889 -1
137271824 137271731 -1
451941487 451941381 -1
961502630 961502537 -1
-968385662 968385756 1
740538072 740537966 -1
22220030 22219937 -1
-707574101 707574195 1
922880183 922880077 -1
-303913709 303913803 1
778546695 778546602 -1
16107836 16107743 -1
120880074 120879981 -1
603231403 603231310 -1
122440164 122440071 -1
425175099 425175006 -1
960129824 960129731 -1
-981129367 981129461 1
919851922 919851829 -1
-383959298 383959392 1
548808421 548808328 -1
16014853 16014747 -1
206475098 206474992 -1
682899562 682899469 -1
-4168418 4168512 1
-833539124 833539218 1
-227717578 227717672 1
706189578 706189485 -1
709556068 709555975 -1
589012158 589012052 -1
934896069 934895963 -1
402973579 402973473 -1
87816671 87816578 -1
130742299 130742193 -1
133306443 133306350 -1
161763820 161763714 -1
466833831 466833725 -1
-620870452 620870546 1
-622988454 622988548 1
233767318 233767225 -1
821477330 821477237 -1
869664967 869664874 -1
-510171787 510171881 1
42882901 42882808 -1
20105469 20105376 -1
296997699 296997593 -1
60800383 60800277 -1
-975080433 975080527 1
-472550123 472550217 1
770825161 770825068 -1
331503460 331503367 -1
-753137355 753137449 1
787788206 787788113 -1
-141748500 141748594 1
494563433 494563327 -1
-595572179 595572273 1
683524074 683523981 -1
755503735 755503642 -1
42894454 42894348 -1
531656212 531656106 -1
-538768963 538769057 1
788323369 788323263 -1
832112155 832112062 -1
565187738 565187632 -1
-296649331 296649425 1
-674761684 674761778 1
-52219180 52219274 1
-993252651 993252745 1
-29423557 29423651 1
304420553 304420447 -1
-662611929 662612023 1
-369489505 369489599 1
-924231674 924231768 1
458185682 458185576 -1
280685813 280685707 -1
-755910916 755911010 1
1557873 1557780 -1
573982920 573982814 -1
633710923 633710817 -1
-421155489 421155583 1
952616598 952616505 -1
259801787 259801681 -1
133742406 133742313 -1
-582894406 582894500 1
-47092407 47092501 1
906756619 906756526 -1
960905064 960904971 -1
399305910 399305817 -1
573719764 573719671 -1
841690403 841690297 -1
-83216251 83216345 1
431088282 431088176 -1
-369610691 369610785 1
615913231 615913125 -1
542223508 542223415 -1
535062263 535062170 -1
131796712 131796606 -1
849681301 849681208 -1
805801720 805801627 -1
-716431815 716431909 1
-509254256 509254350 1
852288908 852288802 -1
-623216866 623216960 1
187750242 187750136 -1
458236676 458236570 -1
-861621816 861621910 1
-695121298 695121392 1
944359432 944359339 -1
-705593114 705593208 1
591594082 591593976 -1
233650932 233650826 -1
486138434 486138328 -1
856160331 856160225 -1
-1939404 1939498 1
369038007 369037901 -1
248639337 248639231 -1
896916588 896916482 -1
464358264 464358171 -1
420380119 420380013 -1
675129469 675129363 -1
-999058647 999058741 1
-428279475 428279569 1
310671600 310671507 -1
286838790 286838697 -1
844097216 844097110 -1
748319436 748319343 -1
-902050564 902050658 1
740562568 740562462 -1
-85174501 85174595 1
-740573716 740573810 1
-441054354 441054448 1
868406335 868406242 -1
442931291 442931185 -1
154638031 154637925 -1
711857165 711857072 -1
855774652 855774546 -1
-327547124 327547218 1
630985191 630985085 -1
892994625 892994532 -1
-337244089 337244183 1
380500858 380500765 -1
708460905 708460799 -1
183873468 183873375 -1
987423812 987423706 -1
848710558 848710465 -1
550886364 550886258 -1
744207521 744207428 -1
467385745 467385652 -1
871231996 871231903 -1
-685093756 685093850 1
652661053 652660947 -1
745247379 745247286 -1
477317462 477317369 -1
-807582118 807582212 1
685345650 685345544 -1
355714857 355714751 -1
434577316 434577223 -1
-787478557 787478651 1
-420609003 420609097 1
606147277 606147171 -1
727070950 727070844 -1
-413741997 413742091 1
754560663 754560570 -1
-969709825 969709919 1
788090937 788090844 -1
514036438 514036345 -1
64740091 64739985 -1
-222809237 222809331 1
82527511 82527418 -1
4210570 4210477 -1
-967220037 967220131 1
-708111184 708111278 1
-444989681 444989775 1
419794425 419794319 -1
335041443 335041337 -1
965383401 965383295 -1
813986781 813986675 -1
80037317 80037224 -1
603543951 603543845 -1
875854051 875853958 -1
765452820 765452727 -1
-534624021 534624115 1
173211435 173211342 -1
712605911 712605805 -1
330521278 330521172 -1
545735563 545735470 -1
558878973 558878880 -1
554053862 554053756 -1
-888491389 888491483 1
-151884453 151884547 1
-282882712 282882806 1
486919975 486919882 -1
755996254 755996148 -1
-836571209 836571303 1
738359487 738359394 -1
424134324 424134218 -1
284387390 284387297 -1
-9540701 9540795 1
306306466 306306373 -1
-92006675 92006769 1
397153506 397153413 -1
835897893 835897800 -1
855343442 855343336 -1
-666403052 666403146 1
98616787 98616681 -1
-571337938 571338032 1
-690849427 690849521 1
824934140 824934034 -1
432775905 432775812 -1
473169820 473169714 -1
-433844390 433844484 1
389897314 389897221 -1
997279454 997279348 -1
700333993 700333900 -1
943926843 943926750 -1
630985539 630985433 -1
9487747 9487654 -1
911833590 911833484 -1
-157839752 157839846 1
-468199285 468199379 1
912649301 912649195 -1
63917442 63917336 -1
885747849 885747743 -1
112266344 112266238 -1
799126319 799126226 -1
-228090139 228090233 1
-870300301 870300395 1
-552137593 552137687 1
880499667 880499574 -1
-170382631 170382725 1
305502518 305502412 -1
6576847 6576754 -1
643330476 643330383 -1
-989119314 989119408 1
43114377 43114284 -1
-137742878 137742972 1
584639421 584639315 -1
394453961 394453868 -1
439502988 439502895 -1
-561840434 561840528 1
458726153 458726060 -1
668880847 668880754 -1
766967459 766967366 -1
916051247 916051154 -1
-666949972 666950066 1
693063881 693063775 -1
-31612674 31612768 1
-6208429 6208523 1
-555223942 555224036 1
300150694 300150588 -1
-740290276 740290370 1
814217498 814217405 -1
173709938 173709845 -1
-84963599 84963693 1
838331405 838331299 -1
-58820056 58820150 1
232245113 232245020 -1
776867054 776866961 -1
493323377 493323284 -1
908322267 908322161 -1
375954169 375954076 -1
351530037 351529931 -1
687167543 687167450 -1
243068593 243068487 -1
858497826 858497720 -1
468889862 468889756 -1
637223169 637223076 -1
818112583 818112477 -1
-728110661 728110755 1
341749781 341749675 -1
190096363 190096270 -1
604148597 604148491 -1
85619467 85619361 -1
39993458 39993365 -1
559043369 559043276 -1
673674905 673674812 -1
-876170938 876171032 1
-913097871 913097965 1
953451698 953451592 -1
-863949520 863949614 1
-464922779 464922873 1
-767877259 767877353 1
557999593 557999487 -1
-825508279 825508373 1
482435407 482435314 -1
-597383108 597383202 1
-853021364 853021458 1
508776819 508776713 -1
582902606 582902500 -1
-396356495 396356589 1
780530489 780530383 -1
621939518 621939412 -1
850627651 850627558 -1
-532113991 532114085 1
627528397 627528304 -1
262300501 262300395 -1
-36245381 36245475 1
-205738066 205738160 1
1555691 1555598 -1
950005551 950005445 -1
203413609 203413516 -1
36306008 36305902 -1
215757985 215757892 -1
-586880212 586880306 1
830774465 830774359 -1
-589612149 589612243 1
248364009 248363916 -1
871480338 871480232 -1
-700082546 700082640 1
-304670544 304670638 1
708736010 708735917 -1
-586840675 586840769 1
-97302946 97303040 1
-218381430 218381524 1
233304106 233304000 -1
-371376227 371376321 1
591887303 591887210 -1
986386202 986386096 -1
606130821 606130728 -1
736865363 736865270 -1
625918438 625918332 -1
-490985009 490985103 1
370161133 370161040 -1
-493045375 493045469 1
789147093 789147000 -1
590165244 590165151 -1
469122296 469122190 -1
846238351 846238258 -1
894420054 894419948 -1
416771800 416771707 -1
531826926 531826833 -1
-874160656 874160750 1
108754402 108754309 -1
436588262 436588169 -1
-51121637 51121731 1
21398222 21398129 -1
652120590 652120484 -1
-377013078 377013172 1
-892211907 892212001 1
620412209 620412103 -1
256670083 256669990 -1
837916042 837915949 -1
-9161116 9161210 1
633077272 633077166 -1
973115801 973115708 -1
377109803 377109710 -1
630576099 630576006 -1
397707974 397707881 -1
305749298 305749205 -1
327228638 327228532 -1
842439345 842439252 -1
150369805 150369712 -1
-359901297 359901391 1
-430675501 430675595 1
227933389 227933283 -1
258129069 258128976 -1
-588715740 588715834 1
-878149193 878149287 1
552939875 552939782 -1
748613303 748613197 -1
931501850 931501744 -1
-167313920 167314014 1
533534628 533534522 -1
608508125 608508019 -1
-638258636 638258730 1
474717581 474717488 -1
-661105835 661105929 1
552824069 552823976 -1
736320136 736320043 -1
978244646 978244553 -1
371257868 371257775 -1
454083556 454083463 -1
847753912 847753819 -1
-508354263 508354357 1
158872304 158872211 -1
807451590 807451497 -1
975932656 975932563 -1
814690717 814690611 -1
-847032512 847032606 1
990115876 990115783 -1
646402857 646402764 -1
-563060619 563060713 1
805601943 805601850 -1
665629645 665629539 -1
-306964088 306964182 1
-900052374 900052468 1
-352505337 352505431 1
403672686 403672593 -1
-826863459 826863553 1
946939231 946939138 -1
487353018 487352925 -1
14931954 14931861 -1
235647634 235647541 -1
967401375 967401282 -1
207665908 207665802 -1
613298373 613298267 -1
927628349 927628256 -1
994563225 994563119 -1
900800365 900800272 -1
-280476244 280476338 1
883728865 883728772 -1
-162614454 162614548 1
-844223263 844223357 1
663594300 663594207 -1
257140890 257140784 -1
-178855153 178855247 1
638101730 638101637 -1
991363466 991363360 -1
-584836897 584836991 1
328422996 328422890 -1
-817738396 817738490 1
131014372 131014266 -1
-617057007 617057101 1
365445951 365445858 -1
871938273 871938167 -1
990120734 990120641 -1
22769863 22769770 -1
530353339 530353233 -1
-435339733 435339827 1
987676207 987676101 -1
887132562 887132469 -1
924178577 924178471 -1
677498344 677498251 -1
241395522 241395416 -1
-776005234 776005328 1
-896355636 896355730 1
240596686 240596593 -1
142229722 142229629 -1
690246508 690246402 -1
-129884857 129884951 1
-889528725 889528819 1
-205055939 205056033 1
785641248 785641155 -1
793542330 793542237 -1
620038315 620038222 -1
7400117 7400011 -1
575330978 575330885 -1
-293344693 293344787 1
248133363 248133257 -1
933505734 933505641 -1
150238176 150238083 -1
674067158 674067065 -1
63058433 63058327 -1
-817607529 817607623 1
13026167 13026074 -1
488745719 488745626 -1
789810375 789810282 -1
333558226 333558120 -1
962283639 962283546 -1
550184272 550184166 -1
192461729 192461636 -1
119540917 119540824 -1
116589676 116589583 -1
44150603 44150510 -1
640858965 640858859 -1
371082921 371082815 -1
100801322 100801229 -1
-217741846 217741940 1
-541370002 541370096 1
487006899 487006793 -1
-132735192 132735286 1
470744697 470744604 -1
390774206 390774100 -1
785357064 785356958 -1
37564216 37564110 -1
-332461975 332462069 1
252158541 252158435 -1
970662607 970662514 -1
725745771 725745678 -1
54973456 54973363 -1
36622473 36622367 -1
778809348 778809255 -1
616124387 616124294 -1
406346558 406346452 -1
159562987 159562881 -1
81995397 81995304 -1
4146629 4146523 -1
241461133 241461027 -1
-477830681 477830775 1
295056056 295055963 -1
917578837 917578744 -1
227518645 227518552 -1
52571183 52571090 -1
892845143 892845037 -1
568064826 568064733 -1
442804304 442804211 -1
306293538 306293445 -1
662820098 662819992 -1
602995070 602994977 -1
-635535980 635536074 1
673393670 673393564 -1
-212949497 212949591 1
265816514 265816408 -1
790956587 790956494 -1
-608047665 608047759 1
471898613 471898520 -1
260534305 260534212 -1
732370572 732370466 -1
-953288983 953289077 1
896426076 896425983 -1
82031053 82030960 -1
544227652 544227559 -1
736547719 736547613 -1
959355759 959355666 -1
585766895 585766802 -1
660157672 660157566 -1
676746518 676746412 -1
-100785617 100785711 1
-115586670 115586764 1
-759960454 759960548 1
661328933 661328827 -1
779083639 779083533 -1
303613755 303613662 -1
352894816 352894723 -1
647513295 647513189 -1
686123977 686123871 -1
-690893174 690893268 1
347979013 347978907 -1
872577781 872577675 -1
672595018 672594912 -1
624785730 624785624 -1
660884723 660884630 -1
-923266077 923266171 1
456991131 456991038 -1
673274637 673274531 -1
7679443 7679350 -1
561042502 561042396 -1
-344620124 344620218 1
515750422 515750329 -1
787865681 787865588 -1
625168537 625168444 -1
921086539 921086433 -1
290225924 290225831 -1
-273445024 273445118 1
404564030 404563937 -1
464715446 464715340 -1
989970722 989970616 -1
879453200 879453094 -1
762445934 762445841 -1
249443750 249443657 -1
367612106 367612000 -1
218146104 218145998 -1
-226407321 226407415 1
-133089508 133089602 1
566303074 566302968 -1
387155813 387155707 -1
787446524 787446418 -1
635556580 635556474 -1
211476568 211476462 -1
180800810 180800717 -1
-787500618 787500712 1
-716590532 716590626 1
60323360 60323254 -1
493513937 493513844 -1
470218815 470218709 -1
-685402246 685402340 1
687665624 687665531 -1
296897094 296897001 -1
315188457 315188364 -1
443692051 443691945 -1
310851457 310851364 -1
225629786 225629680 -1
656314580 656314487 -1
-938053367 938053461 1
483851681 483851588 -1
333362351 333362258 -1
107514169 107514063 -1
742910929 742910836 -1
834220985 834220892 -1
755482559 755482466 -1
250012966 250012860 -1
-496611161 496611255 1
-577816091 577816185 1
-139258877 139258971 1
137978408 137978315 -1
261093404 261093311 -1
722511034 722510928 -1
553000090 552999997 -1
-147522526 147522620 1
189594765 189594672 -1
590964108 590964002 -1
-991841292 991841386 1
129807505 129807412 -1
182887066 182886973 -1
-482837635 482837729 1
90344449 90344343 -1
-949343629 949343723 1
360363702 360363596 -1
918122060 918121967 -1
691041304 691041211 -1
336901202 336901096 -1
24777364 24777271 -1
337986722 337986616 -1
-649795746 649795840 1
44747734 44747641 -1
435973197 435973091 -1
-902051225 902051319 1
432065704 432065598 -1
861178610 861178517 -1
-323187881 323187975 1
-167288919 167289013 1
300287270 300287177 -1
418083137 418083044 -1
501573996 501573890 -1
-222238638 222238732 1
814815843 814815737 -1
681269696 681269603 -1
-866269506 866269600 1
358638858 358638765 -1
290243247 290243154 -1
213270902 213270796 -1
721245186 721245093 -1
232438961 232438855 -1
-361740712 361740806 1
582399533 582399440 -1
91702628 91702535 -1
-125309646 125309740 1
-686402720 686402814 1
-402306735 402306829 1
546525501 546525408 -1
-197900983 197901077 1
-691390833 691390927 1
171854487 171854381 -1
224016044 224015938 -1
-739463718 739463812 1
-194716090 194716184 1
509315630 509315537 -1
-190420656 190420750 1
182359143 182359037 -1
33718344 33718238 -1
258780132 258780039 -1
-381179801 381179895 1
593697636 593697543 -1
604689118 604689012 -1
-316168144 316168238 1
723676768 723676675 -1
630379996 630379890 -1
367769846 367769740 -1
363670155 363670062 -1
826514973 826514880 -1
592881351 592881258 -1
883621599 883621506 -1
551818269 551818176 -1
-726957047 726957141 1
685080994 685080888 -1
801553249 801553156 -1
