1000
-455873230 455873230 1
511587707 511587707 -1
789007985 789007985 -1
7921383 7921383 -1
479596462 479596462 -1
521902339 521902339 -1
332091022 332091022 -1
-868319154 868319154 1
568463351 568463351 -1
647104804 647104804 -1
777834258 777834258 -1
42171477 42171477 -1
260982540 260982540 -1
722249704 722249704 -1
-353694392 353694392 1
-619521184 619521184 1
255239364 255239364 -1
-823825818 823825818 1
134431117 134431117 -1
907803893 907803893 -1
354668052 354668052 -1
789233636 789233636 -1
-565899931 565899931 1
253905200 253905200 -1
-767114443 767114443 1
-102404324 102404324 1
-434895951 434895951 1
598218820 598218820 -1
787521390 787521390 -1
818389504 818389504 -1
838023205 838023205 -1
695693182 695693182 -1
771732497 771732497 -1
699509311 699509311 -1
793017071 793017071 -1
386833939 386833939 -1
-814125276 814125276 1
565408945 565408945 -1
167392579 167392579 -1
-915187118 915187118 1
-100617948 100617948 1
290154551 290154551 -1
-426822720 426822720 1
609459192 609459192 -1
402577178 402577178 -1
-303180247 303180247 1
549345527 549345527 -1
-746889248 746889248 1
897839063 897839063 -1
36204922 36204922 -1
943030687 943030687 -1
-77851466 77851466 1
536552282 536552282 -1
-175577998 175577998 1
239186007 239186007 -1
190173297 190173297 -1
-945018836 945018836 1
205511818 205511818 -1
481891545 481891545 -1
690390075 690390075 -1
411293165 411293165 -1
483442627 483442627 -1
731783544 731783544 -1
-696353593 696353593 1
376664400 376664400 -1
-141710571 141710571 1
12947444 12947444 -1
583549856 583549856 -1
144616562 144616562 -1
811927469 811927469 -1
52111412 52111412 -1
-544356893 544356893 1
588251276 588251276 -1
943751814 943751814 -1
123395490 123395490 -1
412978911 412978911 -1
33118235 33118235 -1
37631822 37631822 -1
-18816893 18816893 1
51588148 51588148 -1
592798784 592798784 -1
826444919 826444919 -1
112079350 112079350 -1
280389955 280389955 -1
958670314 958670314 -1
26470122 26470122 -1
989245000 989245000 -1
869680514 869680514 -1
891879964 891879964 -1
193445956 193445956 -1
737802357 737802357 -1
-500011269 500011269 1
-917036464 917036464 1
817811760 817811760 -1
236934770 236934770 -1
-833500217 833500217 1
587356463 587356463 -1
125062511 125062511 -1
985034351 985034351 -1
975320632 975320632 -1
-897758836 897758836 1
444981747 444981747 -1
754836166 754836166 -1
485264848 485264848 -1
138720915 138720915 -1
-578972863 578972863 1
864951164 864951164 -1
353635500 353635500 -1
365650495 365650495 -1
43739335 43739335 -1
160897663 160897663 -1
-191007204 191007204 1
-126052601 126052601 1
385559469 385559469 -1
764455343 764455343 -1
-130213627 130213627 1
964161635 964161635 -1
938767850 938767850 -1
97871927 97871927 -1
-663972495 663972495 1
494257511 494257511 -1
-879045798 879045798 1
-518908975 518908975 1
72757490 72757490 -1
832479303 832479303 -1
176592526 176592526 -1
180486510 180486510 -1
516936942 516936942 -1
-418394106 418394106 1
40407795 40407795 -1
158221820 158221820 -1
239332507 239332507 -1
-217684553 217684553 1
848727339 848727339 -1
-537929004 537929004 1
233381069 233381069 -1
16166719 16166719 -1
743988349 743988349 -1
-684071861 684071861 1
-571416966 571416966 1
917790759 917790759 -1
815077272 815077272 -1
660323060 660323060 -1
121109811 121109811 -1
-325775230 325775230 1
-439081365 439081365 1
100142017 100142017 -1
-297825841 297825841 1
-696432175 696432175 1
161236685 161236685 -1
-802495648 802495648 1
474868008 474868008 -1
-221207591 221207591 1
816184104 816184104 -1
289861222 289861222 -1
804397013 804397013 -1
-304497795 304497795 1
-436976551 436976551 1
815184064 815184064 -1
157308846 157308846 -1
650965002 650965002 -1
-859054287 859054287 1
426035648 426035648 -1
-524314074 524314074 1
424278836 424278836 -1
-474532074 474532074 1
11355941 11355941 -1
552546845 552546845 -1
595999250 595999250 -1
960340066 960340066 -1
-390401734 390401734 1
-247266800 247266800 1
911107115 911107115 -1
950018932 950018932 -1
460172996 460172996 -1
790278556 790278556 -1
183828271 183828271 -1
35710592 35710592 -1
509574845 509574845 -1
-977172733 977172733 1
-738234031 738234031 1
-220619717 220619717 1
378357408 378357408 -1
-373454624 373454624 1
-803454372 803454372 1
-15446465 15446465 1
423546265 423546265 -1
517325662 517325662 -1
741763072 741763072 -1
-153581053 153581053 1
729900094 729900094 -1
-988005633 988005633 1
522021627 522021627 -1
-893664292 893664292 1
552292648 552292648 -1
293233017 293233017 -1
-325566586 325566586 1
561082908 561082908 -1
-192626313 192626313 1
919208261 919208261 -1
277065707 277065707 -1
-166665517 166665517 1
-218875912 218875912 1
822345642 822345642 -1
-666272084 666272084 1
128712032 128712032 -1
-210029871 210029871 1
-458691227 458691227 1
329481971 329481971 -1
-11554939 11554939 1
23209930 23209930 -1
-152379813 152379813 1
-27007919 27007919 1
127766127 127766127 -1
-146539346 146539346 1
9049496 9049496 -1
103339748 103339748 -1
274873458 274873458 -1
167912731 167912731 -1
745642033 745642033 -1
871797373 871797373 -1
610260743 610260743 -1
792939967 792939967 -1
22346346 22346346 -1
723378646 723378646 -1
-696035803 696035803 1
976767879 976767879 -1
866459133 866459133 -1
-548637952 548637952 1
-344874742 344874742 1
408828167 408828167 -1
118363269 118363269 -1
528814779 528814779 -1
-27759092 27759092 1
936283886 936283886 -1
-469470371 469470371 1
157869655 157869655 -1
845654583 845654583 -1
847340518 847340518 -1
142491594 142491594 -1
377113866 377113866 -1
294734974 294734974 -1
-746328824 746328824 1
875166564 875166564 -1
4212485 4212485 -1
286428504 286428504 -1
-530009401 530009401 1
-408892536 408892536 1
-607310989 607310989 1
-238402351 238402351 1
581293392 581293392 -1
226901491 226901491 -1
-215736177 215736177 1
232737800 232737800 -1
157545838 157545838 -1
180374149 180374149 -1
627280966 627280966 -1
862074774 862074774 -1
264556910 264556910 -1
527656248 527656248 -1
-939329465 939329465 1
-836668070 836668070 1
941794715 941794715 -1
-801001395 801001395 1
109621234 109621234 -1
-928030760 928030760 1
-790176602 790176602 1
433749149 433749149 -1
902211996 902211996 -1
248255158 248255158 -1
537775572 537775572 -1
426054749 426054749 -1
985716622 985716622 -1
522924085 522924085 -1
744330938 744330938 -1
40884214 40884214 -1
809311679 809311679 -1
30036690 30036690 -1
-839483919 839483919 1
872238368 872238368 -1
-161535971 161535971 1
-465401304 465401304 1
23521326 23521326 -1
169207250 169207250 -1
614272035 614272035 -1
8886009 8886009 -1
267065590 267065590 -1
-117070202 117070202 1
-234347310 234347310 1
337303002 337303002 -1
680959003 680959003 -1
488214749 488214749 -1
930231410 930231410 -1
-189020670 189020670 1
821333460 821333460 -1
-920337715 920337715 1
-69644120 69644120 1
45311454 45311454 -1
-904778497 904778497 1
-748069232 748069232 1
321513312 321513312 -1
-342997089 342997089 1
180006196 180006196 -1
701134666 701134666 -1
818942181 818942181 -1
103587851 103587851 -1
-368710284 368710284 1
948513035 948513035 -1
-98479705 98479705 1
-702675015 702675015 1
373803705 373803705 -1
362969347 362969347 -1
112594356 112594356 -1
774989317 774989317 -1
855408476 855408476 -1
382872118 382872118 -1
20636615 20636615 -1
399194654 399194654 -1
579849108 579849108 -1
878079386 878079386 -1
-543091346 543091346 1
790781222 790781222 -1
499907862 499907862 -1
569531934 569531934 -1
-182477213 182477213 1
-153766804 153766804 1
458518694 458518694 -1
67717006 67717006 -1
630159755 630159755 -1
140254957 140254957 -1
-973775893 973775893 1
846561190 846561190 -1
787582376 787582376 -1
632633992 632633992 -1
956977702 956977702 -1
567919906 567919906 -1
-888992296 888992296 1
-805080036 805080036 1
559971619 559971619 -1
622507171 622507171 -1
-836184622 836184622 1
-171342376 171342376 1
243631380 243631380 -1
470518321 470518321 -1
365504176 365504176 -1
640901083 640901083 -1
149709701 149709701 -1
864537248 864537248 -1
-54969654 54969654 1
-975404454 975404454 1
991533578 991533578 -1
686231992 686231992 -1
192270210 192270210 -1
-939824171 939824171 1
764637605 764637605 -1
736387369 736387369 -1
156313297 156313297 -1
25937627 25937627 -1
804160949 804160949 -1
780482856 780482856 -1
391906735 391906735 -1
-473506947 473506947 1
679899899 679899899 -1
-168624097 168624097 1
176109227 176109227 -1
439169065 439169065 -1
808570801 808570801 -1
-804800300 804800300 1
927176774 927176774 -1
322236702 322236702 -1
761249820 761249820 -1
537786811 537786811 -1
264255934 264255934 -1
257677612 257677612 -1
972328751 972328751 -1
425017352 425017352 -1
998396712 998396712 -1
985771029 985771029 -1
267619850 267619850 -1
619454557 619454557 -1
-677917609 677917609 1
-433877731 433877731 1
682292247 682292247 -1
-889699554 889699554 1
-307565527 307565527 1
3584864 3584864 -1
-259866270 259866270 1
-168909289 168909289 1
-403257211 403257211 1
163977623 163977623 -1
-605850961 605850961 1
74220149 74220149 -1
468331030 468331030 -1
163258133 163258133 -1
350517393 350517393 -1
660988673 660988673 -1
-177474790 177474790 1
987189994 987189994 -1
-1682433 1682433 1
470337825 470337825 -1
-116631351 116631351 1
976408897 976408897 -1
-837545007 837545007 1
648701663 648701663 -1
-957497566 957497566 1
679449181 679449181 -1
996005309 996005309 -1
818639734 818639734 -1
188365840 188365840 -1
-85358998 85358998 1
-231748681 231748681 1
-266211404 266211404 1
771784578 771784578 -1
-174028313 174028313 1
717679237 717679237 -1
23692004 23692004 -1
-689229401 689229401 1
218851348 218851348 -1
564705730 564705730 -1
936239474 936239474 -1
685071102 685071102 -1
-601100721 601100721 1
304955842 304955842 -1
-357592025 357592025 1
-579428842 579428842 1
-70052024 70052024 1
-820263174 820263174 1
-505780240 505780240 1
-700129830 700129830 1
-388877197 388877197 1
138487750 138487750 -1
442422833 442422833 -1
712421783 712421783 -1
539299053 539299053 -1
111520660 111520660 -1
813352658 813352658 -1
-606154193 606154193 1
661654865 661654865 -1
994882543 994882543 -1
-234573882 234573882 1
640842581 640842581 -1
725599652 725599652 -1
513768845 513768845 -1
817624228 817624228 -1
-518011601 518011601 1
997189367 997189367 -1
-480707379 480707379 1
364956470 364956470 -1
380719418 380719418 -1
342047490 342047490 -1
812653858 812653858 -1
543413622 543413622 -1
-763085585 763085585 1
220105009 220105009 -1
185150241 185150241 -1
-58899426 58899426 1
871572383 871572383 -1
-453439483 453439483 1
68878005 68878005 -1
548806180 548806180 -1
877057805 877057805 -1
681440805 681440805 -1
730831970 730831970 -1
927178459 927178459 -1
995147644 995147644 -1
969087803 969087803 -1
91995242 91995242 -1
917315980 917315980 -1
187589175 187589175 -1
-684880388 684880388 1
542482331 542482331 -1
746313109 746313109 -1
802255326 802255326 -1
946631499 946631499 -1
-339271847 339271847 1
-568238970 568238970 1
-492611557 492611557 1
597276411 597276411 -1
498972584 498972584 -1
302976127 302976127 -1
-136303086 136303086 1
185405970 185405970 -1
553396590 553396590 -1
-732272861 732272861 1
603431166 603431166 -1
834078369 834078369 -1
619882769 619882769 -1
-638967946 638967946 1
438676262 438676262 -1
567225782 567225782 -1
-318076205 318076205 1
316066951 316066951 -1
-18223954 18223954 1
-343590932 343590932 1
689777193 689777193 -1
-521295783 521295783 1
647327162 647327162 -1
534424413 534424413 -1
963833792 963833792 -1
62572515 62572515 -1
679270523 679270523 -1
717183575 717183575 -1
931009917 931009917 -1
146522643 146522643 -1
923568917 923568917 -1
709452481 709452481 -1
-339181452 339181452 1
-821312396 821312396 1
-486242792 486242792 1
775773252 775773252 -1
954322556 954322556 -1
-313408394 313408394 1
99684174 99684174 -1
110573872 110573872 -1
-318039305 318039305 1
402400967 402400967 -1
-141050303 141050303 1
144765344 144765344 -1
-801469811 801469811 1
40080549 40080549 -1
53591188 53591188 -1
921449293 921449293 -1
493105485 493105485 -1
77606251 77606251 -1
-440356383 440356383 1
346566560 346566560 -1
-953638743 953638743 1
-83048780 83048780 1
907362179 907362179 -1
-68868380 68868380 1
785503170 785503170 -1
863253338 863253338 -1
14021302 14021302 -1
-323069008 323069008 1
168994223 168994223 -1
612530975 612530975 -1
361937074 361937074 -1
-828336647 828336647 1
884433441 884433441 -1
-543841281 543841281 1
845272045 845272045 -1
167385509 167385509 -1
-632608953 632608953 1
-305197604 305197604 1
11808631 11808631 -1
-198996214 198996214 1
983782254 983782254 -1
930002765 930002765 -1
921229006 921229006 -1
221963866 221963866 -1
877859615 877859615 -1
222345560 222345560 -1
214114657 214114657 -1
162347221 162347221 -1
789407139 789407139 -1
958796636 958796636 -1
430079482 430079482 -1
-721247428 721247428 1
347034459 347034459 -1
874169094 874169094 -1
59527837 59527837 -1
551846627 551846627 -1
491737130 491737130 -1
147777682 147777682 -1
-208215323 208215323 1
732015970 732015970 -1
302583941 302583941 -1
385495700 385495700 -1
106455580 106455580 -1
-278418318 278418318 1
602056828 602056828 -1
-820012358 820012358 1
680507611 680507611 -1
810851581 810851581 -1
378182891 378182891 -1
85568750 85568750 -1
678686313 678686313 -1
650200622 650200622 -1
-58455986 58455986 1
899592099 899592099 -1
127369406 127369406 -1
756515549 756515549 -1
103028947 103028947 -1
600639325 600639325 -1
75967747 75967747 -1
562923325 562923325 -1
863669989 863669989 -1
325212897 325212897 -1
914327361 914327361 -1
503281371 503281371 -1
71081206 71081206 -1
-176808364 176808364 1
-931312771 931312771 1
-330018166 330018166 1
949571594 949571594 -1
217964354 217964354 -1
53948599 53948599 -1
549066500 549066500 -1
42982152 42982152 -1
487763425 487763425 -1
149063337 149063337 -1
-618133054 618133054 1
587883127 587883127 -1
-296352043 296352043 1
-330626828 330626828 1
-444830498 444830498 1
111108912 111108912 -1
-575847892 575847892 1
715654689 715654689 -1
549963791 549963791 -1
216250918 216250918 -1
117823626 117823626 -1
889715532 889715532 -1
-333113373 333113373 1
787024639 787024639 -1
497261225 497261225 -1
840880930 840880930 -1
943849676 943849676 -1
-40072170 40072170 1
277405117 277405117 -1
727418023 727418023 -1
296451 296451 -1
205408875 205408875 -1
-525791798 525791798 1
-39790557 39790557 1
593369177 593369177 -1
-320523628 320523628 1
892219169 892219169 -1
116377433 116377433 -1
486574538 486574538 -1
529728284 529728284 -1
284470443 284470443 -1
654676242 654676242 -1
756412481 756412481 -1
654474912 654474912 -1
911386373 911386373 -1
776375258 776375258 -1
186641433 186641433 -1
-891129733 891129733 1
881447407 881447407 -1
-322789419 322789419 1
102670298 102670298 -1
619828078 619828078 -1
975223868 975223868 -1
20582737 20582737 -1
186042605 186042605 -1
324899207 324899207 -1
-936520477 936520477 1
919248804 919248804 -1
624144790 624144790 -1
-560564172 560564172 1
216601508 216601508 -1
-557015642 557015642 1
730365730 730365730 -1
-766567960 766567960 1
900593417 900593417 -1
337455868 337455868 -1
-406825130 406825130 1
20730692 20730692 -1
63887996 63887996 -1
-981967226 981967226 1
-751238540 751238540 1
619266792 619266792 -1
465165938 465165938 -1
621836669 621836669 -1
721298988 721298988 -1
-39246755 39246755 1
758161840 758161840 -1
526628118 526628118 -1
915878682 915878682 -1
840626210 840626210 -1
998424166 998424166 -1
969506709 969506709 -1
388222998 388222998 -1
748435771 748435771 -1
491865788 491865788 -1
-892475042 892475042 1
733193065 733193065 -1
-796215104 796215104 1
961933170 961933170 -1
258934376 258934376 -1
-600788306 600788306 1
845763401 845763401 -1
141461827 141461827 -1
33585947 33585947 -1
393454208 393454208 -1
264037262 264037262 -1
-5035244 5035244 1
950322275 950322275 -1
995366963 995366963 -1
107846688 107846688 -1
850358606 850358606 -1
794657533 794657533 -1
101053580 101053580 -1
52719526 52719526 -1
798338007 798338007 -1
90674356 90674356 -1
237231932 237231932 -1
-878561250 878561250 1
194575508 194575508 -1
490368992 490368992 -1
-320861008 320861008 1
956291523 956291523 -1
92907222 92907222 -1
819661107 819661107 -1
73996654 73996654 -1
-968069332 968069332 1
643119000 643119000 -1
411796624 411796624 -1
397589187 397589187 -1
731153028 731153028 -1
758318339 758318339 -1
649043074 649043074 -1
771029734 771029734 -1
-224073202 224073202 1
69318568 69318568 -1
451732054 451732054 -1
-368600928 368600928 1
298330724 298330724 -1
685149778 685149778 -1
368965527 368965527 -1
-947730734 947730734 1
-54993428 54993428 1
166044037 166044037 -1
-116101882 116101882 1
182261200 182261200 -1
-578954494 578954494 1
113767707 113767707 -1
118873872 118873872 -1
198203691 198203691 -1
823028057 823028057 -1
-221336213 221336213 1
688870626 688870626 -1
653027073 653027073 -1
176914589 176914589 -1
-962881817 962881817 1
700125365 700125365 -1
156681051 156681051 -1
749281128 749281128 -1
724193945 724193945 -1
-878494447 878494447 1
659427207 659427207 -1
-513702448 513702448 1
158412205 158412205 -1
336628097 336628097 -1
-458248504 458248504 1
-77066693 77066693 1
-384375971 384375971 1
-526230621 526230621 1
102353655 102353655 -1
-893021755 893021755 1
-592821495 592821495 1
-952349321 952349321 1
-943459507 943459507 1
422055685 422055685 -1
881885797 881885797 -1
27997988 27997988 -1
-533098351 533098351 1
-374685438 374685438 1
-250346210 250346210 1
943540660 943540660 -1
925519517 925519517 -1
-603207059 603207059 1
17665303 17665303 -1
860651323 860651323 -1
393585754 393585754 -1
-21955613 21955613 1
322633274 322633274 -1
780498944 780498944 -1
392669127 392669127 -1
101098215 101098215 -1
-177755205 177755205 1
516172236 516172236 -1
393269576 393269576 -1
828305349 828305349 -1
376328767 376328767 -1
-627364556 627364556 1
-553441725 553441725 1
242896777 242896777 -1
660304411 660304411 -1
421340122 421340122 -1
515350308 515350308 -1
184385715 184385715 -1
722118704 722118704 -1
712659910 712659910 -1
-62471854 62471854 1
210985354 210985354 -1
-754140565 754140565 1
929297665 929297665 -1
238716287 238716287 -1
667303085 667303085 -1
-491572334 491572334 1
565863353 565863353 -1
-399431093 399431093 1
84144964 84144964 -1
368463971 368463971 -1
374519294 374519294 -1
235402409 235402409 -1
165038806 165038806 -1
-203404592 203404592 1
67081941 67081941 -1
565853906 565853906 -1
-685508221 685508221 1
-302984648 302984648 1
977222874 977222874 -1
280711529 280711529 -1
787257677 787257677 -1
209820272 209820272 -1
-144199818 144199818 1
724728203 724728203 -1
880275275 880275275 -1
-121338997 121338997 1
930455072 930455072 -1
740431855 740431855 -1
69676903 69676903 -1
504952130 504952130 -1
910299718 910299718 -1
598803753 598803753 -1
682646813 682646813 -1
552586802 552586802 -1
547722216 547722216 -1
866649536 866649536 -1
848172470 848172470 -1
48651179 48651179 -1
330096473 330096473 -1
911974713 911974713 -1
-349598024 349598024 1
444541939 444541939 -1
-301593639 301593639 1
964890829 964890829 -1
109097947 109097947 -1
133127173 133127173 -1
561146078 561146078 -1
-538872267 538872267 1
609225267 609225267 -1
-174017916 174017916 1
511697647 511697647 -1
724484770 724484770 -1
194394068 194394068 -1
876865855 876865855 -1
206297713 206297713 -1
55189270 55189270 -1
490835597 490835597 -1
811593983 811593983 -1
761407215 761407215 -1
-45521206 45521206 1
917221523 917221523 -1
737600299 737600299 -1
-56644233 56644233 1
-408789180 408789180 1
-256099311 256099311 1
750591628 750591628 -1
704563143 704563143 -1
-789470270 789470270 1
176014992 176014992 -1
807699869 807699869 -1
-968390814 968390814 1
48395104 48395104 -1
-775190952 775190952 1
1863162 1863162 -1
-531812879 531812879 1
958222124 958222124 -1
474558343 474558343 -1
246170782 246170782 -1
-627050327 627050327 1
815911197 815911197 -1
609078921 609078921 -1
986860955 986860955 -1
491828415 491828415 -1
-226922371 226922371 1
274579526 274579526 -1
483716519 483716519 -1
732139095 732139095 -1
329707560 329707560 -1
-463622953 463622953 1
763862196 763862196 -1
402367170 402367170 -1
-303891925 303891925 1
43287195 43287195 -1
-320736848 320736848 1
-802686130 802686130 1
742762808 742762808 -1
-684391160 684391160 1
408242816 408242816 -1
497941097 497941097 -1
786795647 786795647 -1
394447791 394447791 -1
21893343 21893343 -1
441363883 441363883 -1
930971866 930971866 -1
-150079747 150079747 1
571056901 571056901 -1
886128003 886128003 -1
958227644 958227644 -1
587345364 587345364 -1
31047559 31047559 -1
869715839 869715839 -1
-629620853 629620853 1
127607167 127607167 -1
-810502156 810502156 1
8771706 8771706 -1
176817072 176817072 -1
743029452 743029452 -1
-50925392 50925392 1
-305661407 305661407 1
988560314 988560314 -1
-996450410 996450410 1
751228297 751228297 -1
684002903 684002903 -1
-982436305 982436305 1
684580569 684580569 -1
384736489 384736489 -1
930751940 930751940 -1
-416633962 416633962 1
-521161978 521161978 1
557148949 557148949 -1
428110922 428110922 -1
791142278 791142278 -1
994946410 994946410 -1
345729982 345729982 -1
474690236 474690236 -1
-748592585 748592585 1
-786787563 786787563 1
202799722 202799722 -1
-445941167 445941167 1
-482942260 482942260 1
24292228 24292228 -1
632498706 632498706 -1
299022951 299022951 -1
261996274 261996274 -1
323279602 323279602 -1
691426100 691426100 -1
946081164 946081164 -1
-235042926 235042926 1
535291503 535291503 -1
-914934297 914934297 1
482740997 482740997 -1
-156690329 156690329 1
18648762 18648762 -1
942679774 942679774 -1
-506926775 506926775 1
-540426409 540426409 1
692925093 692925093 -1
45847836 45847836 -1
696569484 696569484 -1
482879946 482879946 -1
220847902 220847902 -1
639165932 639165932 -1
255041136 255041136 -1
680639741 680639741 -1
476844662 476844662 -1
187515562 187515562 -1
-198145622 198145622 1
594030047 594030047 -1
74933274 74933274 -1
80407381 80407381 -1
867880148 867880148 -1
229254400 229254400 -1
-719253466 719253466 1
804629437 804629437 -1
506152865 506152865 -1
607593175 607593175 -1
-25384513 25384513 1
158242461 158242461 -1
-255284701 255284701 1
25169325 25169325 -1
-210581619 210581619 1
-881697719 881697719 1
847294581 847294581 -1
665023822 665023822 -1
-711054327 711054327 1
351247284 351247284 -1
246394157 246394157 -1
973720936 973720936 -1
-768947498 768947498 1
357107215 357107215 -1
794621375 794621375 -1
490493554 490493554 -1
-569093462 569093462 1
473624432 473624432 -1
611228947 611228947 -1
470750969 470750969 -1
591462919 591462919 -1
117751494 117751494 -1
-760787235 760787235 1
-733275724 733275724 1
590562827 590562827 -1
416914428 416914428 -1
-64292010 64292010 1
786630713 786630713 -1
-311262253 311262253 1
-873956599 873956599 1
-282638006 282638006 1
644427497 644427497 -1
396012740 396012740 -1
540661108 540661108 -1
-840550418 840550418 1
190162286 190162286 -1
726988166 726988166 -1
-670631001 670631001 1
