1000
-500351746 500351760 1
-156439535 156439549 1
-583514806 583514820 1
-257394078 257394092 1
-649066286 649066300 1
-16409532 16409546 1
-136559092 136559106 1
-135030605 135030619 1
-464003822 464003836 1
-479055956 479055970 1
-786187348 786187362 1
-267480135 267480149 1
-326615579 326615593 1
-613920350 613920364 1
-421291241 421291255 1
-74928032 74928046 1
-136978208 136978222 1
-960874118 960874132 1
-814107040 814107054 1
-173890157 173890171 1
-879846409 879846423 1
-619311960 619311974 1
-804677956 804677970 1
-986215471 986215485 1
-272425437 272425451 1
-964433386 964433400 1
-947817512 947817526 1
-168189625 168189639 1
-288348349 288348363 1
-472031402 472031416 1
-734087297 734087311 1
-528379163 528379177 1
-847966096 847966110 1
-835799086 835799100 1
-887482085 887482099 1
-585203588 585203602 1
-314507194 314507208 1
-829448509 829448523 1
-798995264 798995278 1
-170806346 170806360 1
-183643953 183643967 1
-742033758 742033772 1
-878645586 878645600 1
-117733633 117733647 1
-329482835 329482849 1
-244966353 244966367 1
-155012204 155012218 1
-70114371 70114385 1
-336248336 336248350 1
-962963627 962963641 1
-603435650 603435664 1
-97542579 97542593 1
-807004606 807004620 1
-943527298 943527312 1
-184650468 184650482 1
-70924629 70924643 1
-837543555 837543569 1
-212857584 212857598 1
-558388450 558388464 1
-809241319 809241333 1
-128779345 128779359 1
-10358196 10358210 1
-505067203 505067217 1
-333731203 333731217 1
-52253934 52253948 1
-132671243 132671257 1
-325338231 325338245 1
-239024390 239024404 1
-281608024 281608038 1
-862415132 862415146 1
-350172573 350172587 1
-518647911 518647925 1
-633484752 633484766 1
-591885258 591885272 1
-611071834 611071848 1
-578645142 578645156 1
-51228897 51228911 1
-606545360 606545374 1
-382605840 382605854 1
-442717435 442717449 1
-692710390 692710404 1
-300640011 300640025 1
-645886659 645886673 1
-188306916 188306930 1
-929355449 929355463 1
-344232647 344232661 1
-172421826 172421840 1
-577522613 577522627 1
-528852604 528852618 1
-398547519 398547533 1
-529391200 529391214 1
-986607113 986607127 1
-762530549 762530563 1
-754876692 754876706 1
-411075169 411075183 1
-829847253 829847267 1
-840131187 840131201 1
-856969846 856969860 1
-609766374 609766388 1
-675165827 675165841 1
-140223467 140223481 1
-241032634 241032648 1
-596920462 596920476 1
-846699125 846699139 1
-472761615 472761629 1
-876073587 876073601 1
-659176004 659176018 1
-751860082 751860096 1
-726529203 726529217 1
-239088370 239088384 1
-609086118 609086132 1
-912489957 912489971 1
-268207646 268207660 1
-926997340 926997354 1
-153352893 153352907 1
-541293730 541293744 1
-222287031 222287045 1
-461740618 461740632 1
-552790510 552790524 1
-204901187 204901201 1
-752999420 752999434 1
-207577340 207577354 1
-688708874 688708888 1
-845764602 845764616 1
-854111594 854111608 1
-451088190 451088204 1
-630667819 630667833 1
-369973593 369973607 1
-819616657 819616671 1
-809241585 809241599 1
-881027420 881027434 1
-729144392 729144406 1
-265196509 265196523 1
-725517174 725517188 1
-516825705 516825719 1
-773460671 773460685 1
-2757776 2757790 1
-722252356 722252370 1
-227412898 227412912 1
-463254959 463254973 1
-450726987 450727001 1
-458115970 458115984 1
-812259332 812259346 1
-914870185 914870199 1
-623150452 623150466 1
-172995201 172995215 1
-947083166 947083180 1
-306716390 306716404 1
-838565254 838565268 1
-305189672 305189686 1
-452154424 452154438 1
-740440940 740440954 1
-245834731 245834745 1
-504413065 504413079 1
-331861575 331861589 1
-689006416 689006430 1
-754856138 754856152 1
-20719937 20719951 1
-582870453 582870467 1
-542805725 542805739 1
-369477985 369477999 1
-734091294 734091308 1
-341383301 341383315 1
-125620344 125620358 1
-284678465 284678479 1
-176641054 176641068 1
-181210832 181210846 1
-837625717 837625731 1
-182526849 182526863 1
-338891608 338891622 1
-780265235 780265249 1
-616093124 616093138 1
-934740365 934740379 1
-445559903 445559917 1
-94956917 94956931 1
-402381358 402381372 1
-318240002 318240016 1
-937927837 937927851 1
-541180099 541180113 1
-171457944 171457958 1
-856434098 856434112 1
-299255646 299255660 1
-701344475 701344489 1
-412721058 412721072 1
-453652506 453652520 1
-262491915 262491929 1
-284204959 284204973 1
-15271436 15271450 1
-399960610 399960624 1
-827107724 827107738 1
-78715697 78715711 1
-154207344 154207358 1
-480182188 480182202 1
-453763382 453763396 1
-902232790 902232804 1
-552169335 552169349 1
-891623782 891623796 1
-226163840 226163854 1
-535618770 535618784 1
-933243898 933243912 1
-387699105 387699119 1
-310026730 310026744 1
-535634641 535634655 1
-772003469 772003483 1
-478015067 478015081 1
-58540294 58540308 1
-498372116 498372130 1
-313390112 313390126 1
-210974056 210974070 1
-609578729 609578743 1
-613610384 613610398 1
-786730923 786730937 1
-390204678 390204692 1
-161423293 161423307 1
-487600546 487600560 1
-814860881 814860895 1
-187667731 187667745 1
-719890965 719890979 1
-166972104 166972118 1
-620693083 620693097 1
-349513936 349513950 1
-31061663 31061677 1
-111945130 111945144 1
-544694806 544694820 1
-633594085 633594099 1
-697487978 697487992 1
-539774485 539774499 1
-310465563 310465577 1
-324482113 324482127 1
-330315448 330315462 1
-303033213 303033227 1
-947487044 947487058 1
-646970768 646970782 1
-890828547 890828561 1
-96601053 96601067 1
-817762196 817762210 1
-914532906 914532920 1
-176282638 176282652 1
-765023033 765023047 1
-925710703 925710717 1
-637339289 637339303 1
-256464638 256464652 1
-243335635 243335649 1
-776678726 776678740 1
-76971980 76971994 1
-221441893 221441907 1
-349868782 349868796 1
-13643928 13643942 1
-201069282 201069296 1
-575243020 575243034 1
-961037772 961037786 1
-684301073 684301087 1
-757098909 757098923 1
-498024386 498024400 1
-27686098 27686112 1
-91547581 91547595 1
-255550535 255550549 1
-535847959 535847973 1
-367929755 367929769 1
-234023865 234023879 1
-156908513 156908527 1
-246116365 246116379 1
-420143833 420143847 1
-964186267 964186281 1
-91200854 91200868 1
-445178658 445178672 1
-777525936 777525950 1
-54914543 54914557 1
-573455801 573455815 1
-475432526 475432540 1
-896806024 896806038 1
-311666731 311666745 1
-221328550 221328564 1
-301335405 301335419 1
-408342961 408342975 1
-499957400 499957414 1
-626848980 626848994 1
-230172883 230172897 1
-385741071 385741085 1
-241965597 241965611 1
-140446453 140446467 1
-621023098 621023112 1
-589876464 589876478 1
-802429671 802429685 1
-961419628 961419642 1
-516476046 516476060 1
-603086583 603086597 1
-670747366 670747380 1
-995445450 995445464 1
-765899486 765899500 1
-306158087 306158101 1
-892593546 892593560 1
-22375202 22375216 1
-755987918 755987932 1
-775679710 775679724 1
-570410922 570410936 1
-394521880 394521894 1
-898511400 898511414 1
-582423004 582423018 1
-143967343 143967357 1
-251208042 251208056 1
-742110306 742110320 1
-587845064 587845078 1
-98061871 98061885 1
-251714207 251714221 1
-749516359 749516373 1
-949599164 949599178 1
-410677855 410677869 1
-571479525 571479539 1
-342196965 342196979 1
-744323274 744323288 1
-791578366 791578380 1
-46089986 46090000 1
-156665772 156665786 1
-544687790 544687804 1
-526789519 526789533 1
-117017701 117017715 1
-917910054 917910068 1
-446091294 446091308 1
-45785163 45785177 1
-427202725 427202739 1
-221533588 221533602 1
-761828084 761828098 1
-441474262 441474276 1
-550012300 550012314 1
-522606545 522606559 1
-335191613 335191627 1
-456864841 456864855 1
-932714303 932714317 1
-682970732 682970746 1
-470536385 470536399 1
-35859376 35859390 1
-612762756 612762770 1
-444268214 444268228 1
-640747223 640747237 1
-658492806 658492820 1
-278159857 278159871 1
-178804857 178804871 1
-58659167 58659181 1
-253247680 253247694 1
-463525396 463525410 1
-157088199 157088213 1
-872735885 872735899 1
-676713083 676713097 1
-963186676 963186690 1
-976848240 976848254 1
-588365824 588365838 1
-57220979 57220993 1
-925076806 925076820 1
-899705794 899705808 1
-587696180 587696194 1
-407153115 407153129 1
-79926205 79926219 1
-686394540 686394554 1
-467583137 467583151 1
-508159196 508159210 1
-196056927 196056941 1
-723749109 723749123 1
-866279452 866279466 1
-452506611 452506625 1
-801479693 801479707 1
-228363664 228363678 1
-967147384 967147398 1
-707216636 707216650 1
-805629760 805629774 1
-262369762 262369776 1
-750230156 750230170 1
-796233891 796233905 1
-520844269 520844283 1
-132642337 132642351 1
-200901768 200901782 1
-348052073 348052087 1
-325333599 325333613 1
-781530786 781530800 1
-237064060 237064074 1
-126759082 126759096 1
-152237767 152237781 1
-296080343 296080357 1
-110749658 110749672 1
-62380827 62380841 1
-779987228 779987242 1
-133247423 133247437 1
-899307868 899307882 1
-755339777 755339791 1
-352576378 352576392 1
-875145527 875145541 1
-986978602 986978616 1
-106487682 106487696 1
-798010222 798010236 1
-495461711 495461725 1
-189330854 189330868 1
-771029649 771029663 1
-434166815 434166829 1
-282867251 282867265 1
-340895395 340895409 1
-698928823 698928837 1
-529379562 529379576 1
-778935891 778935905 1
-821010067 821010081 1
-380442988 380443002 1
-670092951 670092965 1
-53367620 53367634 1
-464350014 464350028 1
-58310102 58310116 1
-696904692 696904706 1
-746601272 746601286 1
-310061026 310061040 1
-578532775 578532789 1
-915548491 915548505 1
-894160920 894160934 1
-35495705 35495719 1
-242984358 242984372 1
-302243086 302243100 1
-347306785 347306799 1
-727712831 727712845 1
-621631827 621631841 1
-423206020 423206034 1
-101437259 101437273 1
-104757440 104757454 1
-852190200 852190214 1
-534936408 534936422 1
-206156097 206156111 1
-948990068 948990082 1
-43785464 43785478 1
-67557567 67557581 1
-924101735 924101749 1
-702479208 702479222 1
-519633474 519633488 1
-329649863 329649877 1
-755197359 755197373 1
-276112175 276112189 1
-506494585 506494599 1
-167406253 167406267 1
-568109669 568109683 1
-336172905 336172919 1
-78470711 78470725 1
-531982566 531982580 1
-288597827 288597841 1
-635758880 635758894 1
-564556481 564556495 1
-589409307 589409321 1
-93807240 93807254 1
-15123455 15123469 1
-206492076 206492090 1
-788930050 788930064 1
-347788779 347788793 1
-318980545 318980559 1
-393648228 393648242 1
-941606721 941606735 1
-506742308 506742322 1
-82651840 82651854 1
-886863725 886863739 1
-571215664 571215678 1
-765964189 765964203 1
-813924340 813924354 1
-315641487 315641501 1
-72450998 72451012 1
-85785821 85785835 1
-523554500 523554514 1
-367595586 367595600 1
-13669237 13669251 1
-779824253 779824267 1
-31086358 31086372 1
-100366097 100366111 1
-710120078 710120092 1
-619128402 619128416 1
-440598397 440598411 1
-141974814 141974828 1
-567161961 567161975 1
-514733542 514733556 1
-126602408 126602422 1
-829229667 829229681 1
-774535623 774535637 1
-496531950 496531964 1
-156306324 156306338 1
-69834046 69834060 1
-529225640 529225654 1
-587121276 587121290 1
-718083187 718083201 1
-410950408 410950422 1
-319480889 319480903 1
-524411612 524411626 1
-933828450 933828464 1
-47350174 47350188 1
-737888722 737888736 1
-531914342 531914356 1
-206201272 206201286 1
-673320214 673320228 1
-173026583 173026597 1
-32793974 32793988 1
-430364171 430364185 1
-382469842 382469856 1
-809034643 809034657 1
-861724299 861724313 1
-563198713 563198727 1
-917786559 917786573 1
-452210962 452210976 1
-623347568 623347582 1
-975496681 975496695 1
-208137024 208137038 1
-452488866 452488880 1
-507243918 507243932 1
-238334952 238334966 1
-885081079 885081093 1
-273329372 273329386 1
-761032039 761032053 1
-888444870 888444884 1
-830520647 830520661 1
-547412142 547412156 1
-103651682 103651696 1
-852008995 852009009 1
-477289471 477289485 1
-953664290 953664304 1
-9909928 9909942 1
-986925904 986925918 1
-588141069 588141083 1
-213920823 213920837 1
-621814675 621814689 1
-238648311 238648325 1
-302611237 302611251 1
-655681241 655681255 1
-46984507 46984521 1
-18259681 18259695 1
-715807155 715807169 1
-897511211 897511225 1
-148787429 148787443 1
-427795013 427795027 1
-175636670 175636684 1
-226357066 226357080 1
-974910620 974910634 1
-900227274 900227288 1
-1104471 1104485 1
-996270590 996270604 1
-779709212 779709226 1
-853404866 853404880 1
-581665175 581665189 1
-518096095 518096109 1
-640858984 640858998 1
-603870945 603870959 1
-525923675 525923689 1
-599631703 599631717 1
-675655020 675655034 1
-330505932 330505946 1
-863043162 863043176 1
-299780613 299780627 1
-175811105 175811119 1
-357331857 357331871 1
-458296299 458296313 1
-475933877 475933891 1
-874703784 874703798 1
-981003612 981003626 1
-669038340 669038354 1
-975047821 975047835 1
-360877910 360877924 1
-516198179 516198193 1
-860203765 860203779 1
-781615208 781615222 1
-186006599 186006613 1
-251064721 251064735 1
-784541720 784541734 1
-628060403 628060417 1
-445374651 445374665 1
-474839081 474839095 1
-139065381 139065395 1
-654573392 654573406 1
-320537099 320537113 1
-308348142 308348156 1
-391353676 391353690 1
-957784974 957784988 1
-991510175 991510189 1
-626318234 626318248 1
-267199551 267199565 1
-708692257 708692271 1
-384379151 384379165 1
-279674555 279674569 1
-33367075 33367089 1
-251912664 251912678 1
-453525539 453525553 1
-983408673 983408687 1
-599308209 599308223 1
-107367326 107367340 1
-875920993 875921007 1
-690883339 690883353 1
-974097034 974097048 1
-135646049 135646063 1
-125004846 125004860 1
-753519947 753519961 1
-169326037 169326051 1
-17500357 17500371 1
-564223074 564223088 1
-970482647 970482661 1
-569867278 569867292 1
-764654755 764654769 1
-143496476 143496490 1
-945952105 945952119 1
-876853416 876853430 1
-598658379 598658393 1
-465200830 465200844 1
-39198180 39198194 1
-916435044 916435058 1
58235942 58235936 -1
562363196 562363190 -1
372331349 372331343 -1
652596337 652596331 -1
369451267 369451261 -1
116715051 116715045 -1
316607460 316607454 -1
317420281 317420275 -1
105023869 105023863 -1
440381175 440381169 -1
440999043 440999037 -1
950300926 950300920 -1
688875582 688875576 -1
611601287 611601281 -1
770910329 770910323 -1
764236962 764236956 -1
751754807 751754801 -1
13044087 13044081 -1
384769092 384769086 -1
790332012 790332006 -1
807458582 807458576 -1
539765707 539765701 -1
697482787 697482781 -1
694606798 694606792 -1
899160689 899160683 -1
410443179 410443173 -1
774988142 774988136 -1
755659539 755659533 -1
751729943 751729937 -1
642779673 642779667 -1
881639569 881639563 -1
814930895 814930889 -1
787140271 787140265 -1
295804360 295804354 -1
122797204 122797198 -1
871723999 871723993 -1
101332 101326 -1
903897558 903897552 -1
548361669 548361663 -1
626800608 626800602 -1
139792796 139792790 -1
812651289 812651283 -1
53668681 53668675 -1
369221175 369221169 -1
783989769 783989763 -1
178614981 178614975 -1
623358635 623358629 -1
912407848 912407842 -1
135558115 135558109 -1
563359078 563359072 -1
213634077 213634071 -1
793315124 793315118 -1
884460461 884460455 -1
796793848 796793842 -1
449629928 449629922 -1
66765492 66765486 -1
352858612 352858606 -1
443888312 443888306 -1
569104306 569104300 -1
734200253 734200247 -1
194318981 194318975 -1
369746955 369746949 -1
927166679 927166673 -1
747387558 747387552 -1
26994667 26994661 -1
94229113 94229107 -1
96984182 96984176 -1
447980276 447980270 -1
147540793 147540787 -1
713329675 713329669 -1
722053195 722053189 -1
719008398 719008392 -1
134757203 134757197 -1
374163432 374163426 -1
944044219 944044213 -1
34888919 34888913 -1
217937983 217937977 -1
453282000 453281994 -1
884543800 884543794 -1
981745957 981745951 -1
715744768 715744762 -1
905053460 905053454 -1
404055553 404055547 -1
934532171 934532165 -1
163664172 163664166 -1
186109592 186109586 -1
307888025 307888019 -1
937601864 937601858 -1
275100150 275100144 -1
719640516 719640510 -1
807698011 807698005 -1
903907228 903907222 -1
497747512 497747506 -1
454258263 454258257 -1
71103033 71103027 -1
237343020 237343014 -1
586234008 586234002 -1
973058894 973058888 -1
279700346 279700340 -1
990559626 990559620 -1
330574644 330574638 -1
675258029 675258023 -1
473808636 473808630 -1
683934089 683934083 -1
223565631 223565625 -1
665874873 665874867 -1
249448229 249448223 -1
155703089 155703083 -1
35294870 35294864 -1
299198036 299198030 -1
188738980 188738974 -1
282244058 282244052 -1
236504758 236504752 -1
921776442 921776436 -1
597533796 597533790 -1
55630874 55630868 -1
773998935 773998929 -1
211310995 211310989 -1
523590309 523590303 -1
852248800 852248794 -1
914994138 914994132 -1
779644325 779644319 -1
102125645 102125639 -1
958164840 958164834 -1
819475095 819475089 -1
935425326 935425320 -1
462565805 462565799 -1
602261192 602261186 -1
383969173 383969167 -1
716758569 716758563 -1
31495671 31495665 -1
596673012 596673006 -1
682235463 682235457 -1
22138399 22138393 -1
602587902 602587896 -1
899550069 899550063 -1
953840125 953840119 -1
239402306 239402300 -1
623984298 623984292 -1
916125776 916125770 -1
566795752 566795746 -1
606170931 606170925 -1
72691054 72691048 -1
629704230 629704224 -1
511799495 511799489 -1
51242239 51242233 -1
291177572 291177566 -1
248575912 248575906 -1
869847528 869847522 -1
401398260 401398254 -1
992961757 992961751 -1
509452937 509452931 -1
154564543 154564537 -1
16266245 16266239 -1
11572329 11572323 -1
830762231 830762225 -1
642419141 642419135 -1
217800118 217800112 -1
840332314 840332308 -1
442363855 442363849 -1
92146964 92146958 -1
768934520 768934514 -1
608366881 608366875 -1
620594446 620594440 -1
752779039 752779033 -1
438925254 438925248 -1
801221681 801221675 -1
760394840 760394834 -1
251348458 251348452 -1
706724038 706724032 -1
173889480 173889474 -1
715434402 715434396 -1
268964573 268964567 -1
152177015 152177009 -1
220279656 220279650 -1
292618153 292618147 -1
536779683 536779677 -1
754879099 754879093 -1
839185300 839185294 -1
500650456 500650450 -1
435049608 435049602 -1
877470602 877470596 -1
832049829 832049823 -1
360563878 360563872 -1
278917976 278917970 -1
342105093 342105087 -1
221376523 221376517 -1
683989431 683989425 -1
83261764 83261758 -1
557641999 557641993 -1
960592021 960592015 -1
347703377 347703371 -1
164197344 164197338 -1
154399921 154399915 -1
836148230 836148224 -1
644575519 644575513 -1
507349674 507349668 -1
119894883 119894877 -1
682611126 682611120 -1
533178651 533178645 -1
438733510 438733504 -1
223927074 223927068 -1
532392112 532392106 -1
78895066 78895060 -1
663400742 663400736 -1
591590719 591590713 -1
864494326 864494320 -1
452822014 452822008 -1
411619849 411619843 -1
284730591 284730585 -1
591444096 591444090 -1
364877956 364877950 -1
1381788 1381782 -1
480099161 480099155 -1
612288828 612288822 -1
559643980 559643974 -1
785524649 785524643 -1
897281341 897281335 -1
533991423 533991417 -1
969523618 969523612 -1
822603532 822603526 -1
399086982 399086976 -1
937627640 937627634 -1
419826168 419826162 -1
835056594 835056588 -1
391826508 391826502 -1
28700321 28700315 -1
37415837 37415831 -1
9808569 9808563 -1
236785475 236785469 -1
646366241 646366235 -1
423315615 423315609 -1
257587479 257587473 -1
538378611 538378605 -1
940949078 940949072 -1
492844712 492844706 -1
657809624 657809618 -1
435914581 435914575 -1
65431967 65431961 -1
904604574 904604568 -1
86754215 86754209 -1
603017753 603017747 -1
553809042 553809036 -1
221290479 221290473 -1
789562861 789562855 -1
930624517 930624511 -1
542976746 542976740 -1
518083112 518083106 -1
271657461 271657455 -1
836911455 836911449 -1
261273898 261273892 -1
45780484 45780478 -1
147550227 147550221 -1
399599589 399599583 -1
585139315 585139309 -1
309315212 309315206 -1
517229953 517229947 -1
292577132 292577126 -1
156026136 156026130 -1
428517437 428517431 -1
663421111 663421105 -1
687112225 687112219 -1
824807802 824807796 -1
771422923 771422917 -1
532589271 532589265 -1
733697169 733697163 -1
94044726 94044720 -1
784496109 784496103 -1
853184535 853184529 -1
277509202 277509196 -1
875167085 875167079 -1
113210890 113210884 -1
759137536 759137530 -1
679515637 679515631 -1
471375408 471375402 -1
641774486 641774480 -1
720477750 720477744 -1
453234085 453234079 -1
755919034 755919028 -1
840899341 840899335 -1
964603674 964603668 -1
685649940 685649934 -1
450773187 450773181 -1
676765310 676765304 -1
402382339 402382333 -1
734181886 734181880 -1
624068133 624068127 -1
286695301 286695295 -1
545418111 545418105 -1
490295700 490295694 -1
365762305 365762299 -1
147573879 147573873 -1
135733838 135733832 -1
466209397 466209391 -1
658918513 658918507 -1
69231978 69231972 -1
336977986 336977980 -1
878201053 878201047 -1
226405633 226405627 -1
135407413 135407407 -1
189644885 189644879 -1
907025396 907025390 -1
692798313 692798307 -1
282741516 282741510 -1
170738119 170738113 -1
324319447 324319441 -1
723274942 723274936 -1
373153087 373153081 -1
141800522 141800516 -1
742449066 742449060 -1
832792881 832792875 -1
996566736 996566730 -1
989102432 989102426 -1
179636058 179636052 -1
209124263 209124257 -1
923651069 923651063 -1
789937006 789937000 -1
537938485 537938479 -1
65012481 65012475 -1
773644323 773644317 -1
996073124 996073118 -1
50874974 50874968 -1
893231416 893231410 -1
71235465 71235459 -1
367313105 367313099 -1
29351438 29351432 -1
434734673 434734667 -1
269904336 269904330 -1
564220027 564220021 -1
211919201 211919195 -1
636550879 636550873 -1
219898268 219898262 -1
142946836 142946830 -1
251593272 251593266 -1
228353397 228353391 -1
852574337 852574331 -1
480768245 480768239 -1
252469913 252469907 -1
645371941 645371935 -1
922425453 922425447 -1
953378806 953378800 -1
272439333 272439327 -1
905927180 905927174 -1
443088338 443088332 -1
13905842 13905836 -1
711160057 711160051 -1
169480876 169480870 -1
47261301 47261295 -1
728292773 728292767 -1
57511004 57510998 -1
197351331 197351325 -1
139780117 139780111 -1
485695429 485695423 -1
85041857 85041851 -1
845249086 845249080 -1
599680061 599680055 -1
63097763 63097757 -1
236437772 236437766 -1
317898114 317898108 -1
891498318 891498312 -1
406434517 406434511 -1
859584160 859584154 -1
155490475 155490469 -1
375335839 375335833 -1
989243075 989243069 -1
28306864 28306858 -1
173976162 173976156 -1
737854317 737854311 -1
48239795 48239789 -1
952552604 952552598 -1
872552218 872552212 -1
647116689 647116683 -1
651412712 651412706 -1
513308712 513308706 -1
654989451 654989445 -1
71864860 71864854 -1
84929370 84929364 -1
661510949 661510943 -1
895191620 895191614 -1
648249091 648249085 -1
562336450 562336444 -1
175257268 175257262 -1
739410308 739410302 -1
162853677 162853671 -1
988914947 988914941 -1
694759915 694759909 -1
938097272 938097266 -1
390687527 390687521 -1
189039213 189039207 -1
498619341 498619335 -1
339451813 339451807 -1
842356676 842356670 -1
316674548 316674542 -1
509608185 509608179 -1
416112260 416112254 -1
85983465 85983459 -1
23674630 23674624 -1
376580698 376580692 -1
649798516 649798510 -1
454502553 454502547 -1
