1000
-156092783 168438455 1
-281307452 368961759 1
-775127636 787473308 1
-325421001 337766673 1
-738859303 751204975 1
-260967343 348621650 1
-456824881 469170553 1
-797893747 810239419 1
26603820 61050487 1
-208133415 220479087 1
-616405850 704060157 1
-8633730 96288037 1
-364366762 452021069 1
-383326545 395672217 1
-526669613 614323920 1
-712475807 800130114 1
-36643850 124298157 1
-794422172 882076479 1
26025724 61628583 1
-310526346 398180653 1
9644216 2701456 1
40158063 47496244 1
-353455829 365801501 1
-827581907 915236214 1
-322334349 409988656 1
-570775703 658430010 1
-608626377 696280684 1
-462050023 549704330 1
-176678410 264332717 1
-720729221 808383528 1
989432638 977086954 -1
-27293636 114947943 1
-628940795 716595102 1
-309564976 397219283 1
49228669 38425638 1
-862617351 950271658 1
-109903326 197557633 1
395971214 383625530 -1
-110299446 197953753 1
-352618803 440273110 1
-237053209 324707516 1
292829110 280483426 -1
-344878018 432532325 1
-131550181 219204488 1
52514216 35140091 1
-894018376 981672683 1
-297909650 310255322 1
-462165521 549819828 1
-905884128 918229800 1
-325257380 412911687 1
-531052727 543398399 1
747546477 735200793 -1
-873622238 885967910 1
-523383654 535729326 1
77460552 10193755 1
-29279588 41625260 1
-351268745 438923052 1
-641807967 729462274 1
-571855675 584201347 1
-729965848 742311520 1
-849844109 937498416 1
-904609257 992263564 1
-149781543 237435850 1
-875369791 963024098 1
-835438521 923092828 1
-91732022 179386329 1
-559109154 646763461 1
-224102153 311756460 1
-281207606 368861913 1
-603117586 690771893 1
-133396628 145742300 1
-88947790 101293462 1
33609751 54044556 1
-195336980 282991287 1
-669274253 681619925 1
-674990890 687336562 1
-849862878 937517185 1
-684306656 696652328 1
410536 87243771 1
-169393989 257048296 1
-574241016 661895323 1
118021606 105675922 -1
-735872939 823527246 1
-981966425 994312097 1
45221420 42432887 1
-303634660 315980332 1
174431049 162085365 -1
68006939 19647368 1
-226210890 238556562 1
-60517058 148171365 1
-620028008 632373680 1
-594460182 606805854 1
-643490388 731144695 1
-899528112 911873784 1
-461775460 474121132 1
-278044666 365698973 1
-232996921 245342593 1
-338502048 426156355 1
-896012529 983666836 1
-891580023 903925695 1
498656085 486310401 -1
-167930143 180275815 1
-460376595 548030902 1
-371024820 383370492 1
-395317503 482971810 1
944516388 932170704 -1
-412741396 425087068 1
-692474671 704820343 1
-125866094 213520401 1
948814488 936468804 -1
-905034632 992688939 1
-746466407 834120714 1
197202847 184857163 -1
-755461151 843115458 1
-526791051 539136723 1
736738 86917569 1
-611480297 623825969 1
-237562995 325217302 1
-304629034 316974706 1
-578707360 591053032 1
-119666929 132012601 1
-662751612 750405919 1
620231529 607885845 -1
-641663788 654009460 1
-458056960 545711267 1
-480045895 567700202 1
-158024282 245678589 1
-272972698 360627005 1
-748292373 835946680 1
-662012886 674358558 1
-843174390 930828697 1
-131549176 219203483 1
-604637711 616983383 1
455441 87198866 1
-739121343 826775650 1
-577973240 665627547 1
-763539921 851194228 1
537903335 525557651 -1
-508183503 520529175 1
-215240784 302895091 1
402714701 390369017 -1
-873387908 961042215 1
798830510 786484826 -1
-647586071 659931743 1
-14169644 26515316 1
-795347196 883001503 1
-657006509 669352181 1
-141065799 228720106 1
392273089 379927405 -1
-815419281 827764953 1
-214641367 302295674 1
-35125258 122779565 1
-394745920 482400227 1
141772105 129426421 -1
-318859401 331205073 1
-276371756 364026063 1
-707199807 719545479 1
-863414516 951068823 1
-315924209 328269881 1
-106774645 119120317 1
-161714035 174059707 1
-463483437 551137744 1
-230622876 318277183 1
-188560004 276214311 1
-624236757 711891064 1
-511414536 523760208 1
-329487401 417141708 1
-491316495 503662167 1
-30233287 117887594 1
796584697 784239013 -1
57912639 29741668 1
-741535423 829189730 1
-229819447 242165119 1
-575797470 588143142 1
-390148417 477802724 1
-553268664 565614336 1
-504305162 591959469 1
-832406090 920060397 1
-338635942 426290249 1
-369018626 381364298 1
-105186932 192841239 1
-313785514 326131186 1
491881243 479535559 -1
-401734755 489389062 1
-75799226 163453533 1
-56749107 144403414 1
-376871985 464526292 1
-108703675 121049347 1
-488256041 575910348 1
-805306416 892960723 1
311592511 299246827 -1
-435418130 523072437 1
-865588064 953242371 1
-158790477 171136149 1
735090405 722744721 -1
-958078252 970423924 1
28261546 59392761 1
-373967962 386313634 1
-619179535 706833842 1
-64807522 152461829 1
-58191969 145846276 1
-861642653 949296960 1
-10857473 98511780 1
-350806480 363152152 1
11416428 76237879 1
5896833 81757474 1
-471042850 558697157 1
-99357660 187011967 1
-417637704 429983376 1
-370080783 382426455 1
-727388510 815042817 1
-742128981 829783288 1
-721782654 734128326 1
-382931118 470585425 1
-802459253 890113560 1
-739449735 751795407 1
-857800360 870146032 1
-163657540 251311847 1
-563441925 651096232 1
-172679195 260333502 1
581517526 569171842 -1
-825258064 837603736 1
-298519458 310865130 1
-691444057 779098364 1
-81950130 169604437 1
-56479992 144134299 1
690068677 677722993 -1
-27402678 115056985 1
24094999 63559308 1
184073650 171727966 -1
-219049157 306703464 1
-323636211 335981883 1
-840941304 928595611 1
-702919568 715265240 1
-82389469 170043776 1
-876213892 963868199 1
80615112 7039195 1
-560652983 648307290 1
-700041132 787695439 1
487893776 475548092 -1
-299334524 386988831 1
-222686475 235032147 1
-446723077 534377384 1
34330409 53323898 1
-469204588 556858895 1
23893880 63760427 1
-812246010 899900317 1
52308139 39962455 -1
-505800124 518145796 1
-730216839 817871146 1
-435371464 523025771 1
-509576932 521922604 1
85989277 1665030 1
-593663852 681318159 1
-982913706 995259378 1
-44129077 56474749 1
-814443406 826789078 1
-404878985 492533292 1
85360824 2293483 1
198819765 186474081 -1
-147070472 234724779 1
-733296359 745642031 1
-820589072 832934744 1
-495152106 507497778 1
-835280949 847626621 1
-723098741 810753048 1
-384203164 471857471 1
-521365873 533711545 1
-685355463 697701135 1
-535254502 622908809 1
-560779554 648433861 1
28363769 59290538 1
-729984549 817638856 1
-890318376 977972683 1
-293896607 306242279 1
-419080217 431425889 1
-816493566 904147873 1
-882129062 894474734 1
-680882705 693228377 1
-638192463 650538135 1
-195382435 207728107 1
-152863694 240518001 1
84159597 3494710 1
-380790479 468444786 1
-346495940 358841612 1
87092364 561943 1
597249946 584904262 -1
-886613194 974267501 1
-369515974 381861646 1
819453947 807108263 -1
-396659164 409004836 1
-751295603 838949910 1
-326593284 414247591 1
-879543822 967198129 1
-122069815 209724122 1
-747465507 835119814 1
-944303809 956649481 1
-61923707 74269379 1
-852006128 939660435 1
-751877745 839532052 1
-147517813 235172120 1
-249662340 262008012 1
-528323505 615977812 1
-641517461 729171768 1
752957990 740612306 -1
-754167886 766513558 1
-223452150 235797822 1
-405302001 492956308 1
-491096857 578751164 1
-675170079 762824386 1
-224615835 236961507 1
-79916332 167570639 1
261924300 249578616 -1
-233658558 321312865 1
-791826708 804172380 1
-797340639 884994946 1
-413880089 501534396 1
-587171126 674825433 1
-355605318 367950990 1
-837577155 849922827 1
-274883261 362537568 1
-85381479 173035786 1
-498605479 510951151 1
-387917848 475572155 1
-313423721 325769393 1
-27636130 39981802 1
-5005913 92660220 1
-39456678 127110985 1
-26386263 114040570 1
37438992 50215315 1
67794501 19859806 1
-777122358 864776665 1
-448331171 535985478 1
-251898404 339552711 1
-325462110 413116417 1
-621421643 633767315 1
-92024019 104369691 1
-782626654 870280961 1
-643232356 730886663 1
-771109549 858763856 1
-398192012 410537684 1
-490399103 502744775 1
-78382371 166036678 1
-521460511 533806183 1
-123557870 135903542 1
-389556906 477211213 1
-671830561 759484868 1
-275268165 287613837 1
-59485408 147139715 1
-524123400 536469072 1
-62080080 74425752 1
962214236 949868552 -1
-767827830 855482137 1
-871200251 958854558 1
-497785624 510131296 1
-462400584 550054891 1
-713814920 801469227 1
-491646320 579300627 1
-179998845 192344517 1
275786102 263440418 -1
-662165837 674511509 1
192969965 180624281 -1
-372349774 460004081 1
-9200901 96855208 1
-295860968 383515275 1
-512309891 599964198 1
64599228 23055079 1
-823434668 835780340 1
-559506194 647160501 1
-101963276 189617583 1
-946295393 958641065 1
-751396815 839051122 1
-533542767 621197074 1
-309840819 397495126 1
-270004382 357658689 1
-855231087 867576759 1
805258780 792913096 -1
-351980104 439634411 1
-515268110 602922417 1
-114153334 201807641 1
-840414807 928069114 1
-369611875 381957547 1
166886145 154540461 -1
-819513308 907167615 1
-149586576 161932248 1
-358064307 370409979 1
-508107656 595761963 1
-373991812 386337484 1
-250296232 262641904 1
-624448893 712103200 1
-258555066 346209373 1
-73335213 160989520 1
-803719817 816065489 1
-68512365 156166672 1
581621659 569275975 -1
512313301 499967617 -1
-406378247 494032554 1
-532840690 620494997 1
-382905860 470560167 1
-343841355 431495662 1
-262448349 350102656 1
-475058564 562712871 1
-643750533 731404840 1
-203346131 291000438 1
-514761680 527107352 1
-786540824 874195131 1
232122765 219777081 -1
-163972081 176317753 1
-495861635 583515942 1
849895187 837549503 -1
-731543450 819197757 1
-567425806 579771478 1
-469121288 556775595 1
-765013246 852667553 1
-238788920 326443227 1
67554988 20099319 1
-304417330 392071637 1
-90504752 178159059 1
-111512983 199167290 1
14237082 1891398 -1
-549033751 636688058 1
-110626771 198281078 1
-725605914 737951586 1
20954696 66699611 1
-366600356 454254663 1
-638853811 726508118 1
-717302044 804956351 1
699244362 686898678 -1
-362424357 450078664 1
-680137369 767791676 1
-638601444 650947116 1
810809334 798463650 -1
-237513135 325167442 1
-122581670 134927342 1
-526212719 613867026 1
-555870797 568216469 1
-82808469 170462776 1
-219146785 231492457 1
-610497872 698152179 1
-644883172 657228844 1
-825714328 913368635 1
669478929 657133245 -1
-926227507 938573179 1
-679983763 692329435 1
-540098575 552444247 1
-118695533 131041205 1
-551962721 639617028 1
-821367777 909022084 1
-781452420 869106727 1
-826476771 914131078 1
-469405077 481750749 1
-85060270 172714577 1
-866232962 878578634 1
-403246162 415591834 1
-354158993 441813300 1
-63525882 151180189 1
-354203814 441858121 1
905784097 893438413 -1
-901441268 989095575 1
-887466818 975121125 1
-107176882 194831189 1
615361368 603015684 -1
-754419656 842073963 1
-936956570 949302242 1
-140053441 152399113 1
-417344996 429690668 1
-629300683 641646355 1
-719248476 806902783 1
-591655386 679309693 1
-812300186 824645858 1
-805105608 892759915 1
928110949 915765265 -1
-231546946 319201253 1
-794728032 882382339 1
71893910 59548226 -1
6202161 6143511 1
-65518483 77864155 1
-903004818 990659125 1
-580746385 668400692 1
-150700373 238354680 1
-874486646 962140953 1
-566532191 654186498 1
-179453223 191798895 1
-207405479 219751151 1
-842329072 854674744 1
-583911739 671566046 1
-21952974 109607281 1
-587018313 674672620 1
-344237458 431891765 1
827187918 814842234 -1
-175538282 187883954 1
-699447947 711793619 1
-874820782 887166454 1
-148268663 160614335 1
-863255289 950909596 1
-665199626 752853933 1
13256924 74397383 1
-454727651 542381958 1
-596445041 684099348 1
-114681987 202336294 1
-903789497 991443804 1
-153707735 241362042 1
-294409236 382063543 1
-859979331 947633638 1
-460230880 547885187 1
3000062 84654245 1
-547344147 634998454 1
293159 87361148 1
-220464304 232809976 1
-672032766 759687073 1
-400629766 412975438 1
-275189744 362844051 1
-501074553 513420225 1
-496794180 584448487 1
-426950575 514604882 1
-646426997 734081304 1
-130233006 217887313 1
690795213 678449529 -1
82852897 4801410 1
-286049428 298395100 1
33408702 54245605 1
-648083318 660428990 1
-699118498 711464170 1
-803591062 815936734 1
84601891 3052416 1
-400422540 488076847 1
-497697518 510043190 1
25235134 62419173 1
-192261977 279916284 1
-876412065 964066372 1
343321715 330976031 -1
-615392878 703047185 1
-13791842 26137514 1
-227669447 315323754 1
-107481158 195135465 1
-85596663 173250970 1
-104719275 192373582 1
-234876052 322530359 1
-959807660 972153332 1
-777627087 865281394 1
-321551539 409205846 1
-549509021 637163328 1
-880167813 892513485 1
-398135814 410481486 1
-601399594 689053901 1
-597495269 685149576 1
-854994429 867340101 1
-666856305 754510612 1
-310096820 322442492 1
-405713108 418058780 1
-46217356 133871663 1
-290132943 302478615 1
-633515892 645861564 1
49562577 38091730 1
-631820525 719474832 1
-763128652 850782959 1
-281332962 293678634 1
-714433513 726779185 1
-642316976 729971283 1
-214584871 302239178 1
-864994790 952649097 1
-232862097 320516404 1
-491200906 578855213 1
-406606837 494261144 1
-821254649 833600321 1
-904705602 992359909 1
162848388 150502704 -1
-678735978 691081650 1
-883224279 970878586 1
-873681960 961336267 1
-289510120 377164427 1
-339596823 427251130 1
485616748 473271064 -1
-69505577 81851249 1
565439190 553093506 -1
-735456085 823110392 1
-546962455 634616762 1
930710042 918364358 -1
-162921916 175267588 1
-869699770 882045442 1
-586704451 599050123 1
-128677229 141022901 1
-269280638 281626310 1
935893761 923548077 -1
244120533 231774849 -1
-352595365 364941037 1
-348947514 436601821 1
335155936 322810252 -1
-606522035 694176342 1
-280253124 367907431 1
-561602018 649256325 1
-404470762 492125069 1
-444631087 456976759 1
-316448407 328794079 1
-342498270 430152577 1
702818149 690472465 -1
-79336190 91681862 1
-788566790 876221097 1
-474198422 561852729 1
-243716826 256062498 1
-878760296 966414603 1
-668625973 680971645 1
375385270 363039586 -1
-614114709 701769016 1
-394190138 481844445 1
-730267908 817922215 1
41525874 29180190 -1
-195426478 283080785 1
-68711469 156365776 1
-454372470 542026777 1
-477551546 565205853 1
-508125136 595779443 1
-609564650 697218957 1
-116051741 128397413 1
-496173829 583828136 1
-440046789 527701096 1
34148011 53506296 1
39949640 47704667 1
-178158858 265813165 1
-337352655 349698327 1
-737899409 825553716 1
-903111428 990765735 1
-255313798 342968105 1
-226630924 238976596 1
-575241346 587587018 1
55424948 32229359 1
-49947607 137601914 1
182368264 170022580 -1
-387851644 475505951 1
-446461206 534115513 1
-161493155 173838827 1
-599869914 687524221 1
-737780185 825434492 1
-259874297 347528604 1
-122924431 210578738 1
-802112545 889766852 1
-320708983 333054655 1
-101014250 188668557 1
166193722 153848038 -1
-135794920 223449227 1
494226406 481880722 -1
-649248068 661593740 1
-875296674 962950981 1
494018385 481672701 -1
-172111963 184457635 1
-707245415 794899722 1
-218789027 306443334 1
-44139858 56485530 1
17144287 70510020 1
-163517004 251171311 1
-22563589 34909261 1
-502136997 514482669 1
-607471521 619817193 1
-192066043 279720350 1
-682824276 770478583 1
-158467862 246122169 1
-634315718 721970025 1
-737766571 825420878 1
-670924837 758579144 1
-910082256 997736563 1
-462840151 550494458 1
924606289 912260605 -1
-519603942 607258249 1
-334890248 422544555 1
-745448956 757794628 1
-389834731 477489038 1
-218877202 231222874 1
-5751113 93405420 1
-775905644 863559951 1
-732361276 820015583 1
-455714663 543368970 1
-723227035 810881342 1
-972264486 984610158 1
-451218626 538872933 1
-315763444 403417751 1
-812648184 824993856 1
-645314709 657660381 1
-39025683 126679990 1
-663747438 751401745 1
-612743471 700397778 1
-95428224 183082531 1
-500749596 588403903 1
-911201545 998855852 1
-651430829 739085136 1
-643063230 730717537 1
-604751696 692406003 1
-316176710 403831017 1
-329993205 417647512 1
-77173041 89518713 1
-760468695 848123002 1
-379302478 466956785 1
-718185319 805839626 1
-523795831 611450138 1
-461490022 549144329 1
295748970 283403286 -1
-718497639 730843311 1
-218245809 305900116 1
-445360729 457706401 1
240537682 228191998 -1
326502500 314156816 -1
-41290283 53635955 1
-822436265 834781937 1
257454 87396853 1
-545154344 632808651 1
-657510278 745164585 1
-423192616 510846923 1
383272147 370926463 -1
-510553320 522898992 1
-159646324 247300631 1
-129209615 216863922 1
-292012864 379667171 1
805651537 793305853 -1
-470271272 557925579 1
950633770 938288086 -1
-459612996 547267303 1
-321205337 408859644 1
-133376898 221031205 1
697699979 685354295 -1
-697496724 785151031 1
-189392539 201738211 1
-542437159 554782831 1
-178403113 266057420 1
-741676836 754022508 1
-628979403 641325075 1
-369776808 457431115 1
-520461465 608115772 1
-833085996 920740303 1
-643710516 731364823 1
-444723459 457069131 1
-703278874 715624546 1
-749311196 836965503 1
-333851729 421506036 1
-223869044 311523351 1
-253115888 340770195 1
-89444398 177098705 1
-315938003 403592310 1
490777647 478431963 -1
-156608544 168954216 1
-257463628 345117935 1
-869600657 957254964 1
-885137322 897482994 1
32632542 20286858 -1
-893432119 981086426 1
-104242424 116588096 1
-572927503 660581810 1
-255147131 342801438 1
-705274370 792928677 1
-637847002 650192674 1
-468681178 556335485 1
-708649368 796303675 1
-828271057 915925364 1
-50166069 62511741 1
-551059286 563404958 1
-68232862 155887169 1
7380786 80273521 1
-482487876 570142183 1
-855582156 867927828 1
-560083755 647738062 1
-66445150 154099457 1
-18849371 106503678 1
-792808780 880463087 1
-626022759 713677066 1
-354610673 442264980 1
-639488253 727142560 1
628557730 616212046 -1
-263348647 275694319 1
-846214115 858559787 1
180865547 168519863 -1
-333193097 345538769 1
-694620729 782275036 1
-142551904 154897576 1
-561209264 573554936 1
-512936096 600590403 1
31183596 56470711 1
492655446 480309762 -1
-463177282 475522954 1
-665234340 752888647 1
-40726955 53072627 1
-519919123 532264795 1
-741544416 829198723 1
-201528823 289183130 1
846130979 833785295 -1
-316632407 328978079 1
-228977580 316631887 1
-254779271 342433578 1
-513753230 526098902 1
-185811828 273466135 1
-118189665 205843972 1
-2478022 14823694 1
35253231 52401076 1
-167104889 254759196 1
-175494099 187839771 1
-574039959 661694266 1
-516647163 604301470 1
-26065590 113719897 1
-299850748 312196420 1
-763059920 850714227 1
-575764035 663418342 1
-147963797 235618104 1
-312372231 324717903 1
-157618700 245273007 1
-832666364 920320671 1
979828297 967482613 -1
-212141938 299796245 1
791256338 778910654 -1
-52405527 140059834 1
737598678 725252994 -1
68415649 19238658 1
-859897414 947551721 1
67145099 20509208 1
-749376286 837030593 1
-537743925 550089597 1
258053010 245707326 -1
-887319253 974973560 1
-881611089 969265396 1
772204397 759858713 -1
-442626840 530281147 1
825723907 813378223 -1
2102698 10242974 1
-234813634 322467941 1
-491402322 579056629 1
-109898534 197552841 1
-553866065 641520372 1
-402915389 490569696 1
-646026365 733680672 1
-357127667 444781974 1
-224988332 237334004 1
-688164279 700509951 1
-568691925 656346232 1
-65401356 153055663 1
-553838531 641492838 1
-439937124 527591431 1
-419014643 506668950 1
-491260826 578915133 1
-744384809 832039116 1
-506455612 594109919 1
-477406214 565060521 1
-649377802 737032109 1
-796202405 883856712 1
-35931136 123585443 1
-689676430 777330737 1
-971052315 983397987 1
-481021286 568675593 1
-729954669 742300341 1
885742964 873397280 -1
301574313 289228629 -1
-36304506 123958813 1
312038758 299693074 -1
-118421838 206076145 1
-767377117 779722789 1
74256741 13397566 1
-178948637 191294309 1
-73722105 86067777 1
-127384233 215038540 1
-63858157 151512464 1
-385877287 473531594 1
-818805298 831150970 1
-348237903 360583575 1
-854760202 942414509 1
-756206634 768552306 1
-203317155 290971462 1
-99263417 186917724 1
-817370193 829715865 1
-64300523 76646195 1
-241478371 329132678 1
-673079003 760733310 1
619228818 606883134 -1
-661874954 674220626 1
-175046194 262700501 1
-106593846 118939518 1
-43743099 56088771 1
-847255710 934910017 1
-170520943 182866615 1
-439752398 452098070 1
516176899 503831215 -1
-56988026 144642333 1
-889711515 902057187 1
65587162 22067145 1
-701597013 713942685 1
-179113660 191459332 1
-498222826 585877133 1
-852171727 864517399 1
-142432830 154778502 1
-910847921 998502228 1
564036236 551690552 -1
-751851808 764197480 1
-392701558 480355865 1
-751305391 838959698 1
-88801359 176455666 1
-283440395 295786067 1
-649653787 661999459 1
-282038857 369693164 1
-671367272 759021579 1
-976426864 988772536 1
-366135769 453790076 1
-21333000 33678672 1
-774477181 862131488 1
-71979440 84325112 1
-340518805 428173112 1
-527107560 614761867 1
-530734346 618388653 1
-364436395 452090702 1
-788119580 875773887 1
-773104911 860759218 1
-961984336 974330008 1
-484144848 496490520 1
30922618 56731689 1
-637509097 649854769 1
-816843506 904497813 1
379393699 367048015 -1
-567219006 579564678 1
-530532199 618186506 1
-489757477 577411784 1
4595326 83058981 1
-701066215 788720522 1
-732652646 820306953 1
-833793619 921447926 1
-868101274 955755581 1
229575687 217230003 -1
-174041917 261696224 1
-482612011 570266318 1
-697454795 785109102 1
-196273993 283928300 1
-136259327 148604999 1
-373433579 385779251 1
-58253450 145907757 1
-369422000 457076307 1
-94621881 106967553 1
-898374159 910719831 1
-491003956 578658263 1
-550989234 638643541 1
-516171861 528517533 1
-159973650 247627957 1
-231137786 243483458 1
-125525056 137870728 1
-594257354 606603026 1
-41697603 129351910 1
-744385094 756730766 1
49203470 38450837 1
5741917 81912390 1
-831912018 919566325 1
-660511503 748165810 1
902047001 889701317 -1
-758614352 770960024 1
-73572680 161226987 1
-707675962 720021634 1
-582282135 669936442 1
-430387183 518041490 1
-807427698 895082005 1
-44891171 57236843 1
600143805 587798121 -1
-574458665 662112972 1
-700688660 713034332 1
-104234885 191889192 1
-445033194 532687501 1
128939659 116593975 -1
-89564625 177218932 1
-65975497 78321169 1
-550860508 638514815 1
-483984187 571638494 1
-865747450 953401757 1
-88124064 175778371 1
-62865165 75210837 1
-670242029 757896336 1
-661918883 674264555 1
-260386765 348041072 1
-711933188 799587495 1
-162181871 174527543 1
-493253134 505598806 1
416964600 404618916 -1
-123229632 210883939 1
-201461577 289115884 1
996624357 984278673 -1
-778208160 865862467 1
-369559818 381905490 1
-138359067 226013374 1
-744967393 832621700 1
-188111899 200457571 1
-284946090 372600397 1
-31108280 118762587 1
889436012 877090328 -1
-532942755 620597062 1
-710755760 723101432 1
-902094766 989749073 1
-382692657 470346964 1
-48362905 60708577 1
-978014850 990360522 1
-803345838 891000145 1
-897540764 985195071 1
-751407512 839061819 1
634988009 622642325 -1
-59684939 147339246 1
-506173337 593827644 1
-559222559 646876866 1
946491253 934145569 -1
-541789894 629444201 1
-688986195 776640502 1
-841618612 929272919 1
-159919268 172264940 1
-128296929 215951236 1
