512 62
2695483468156215 4611193336934671440
3787459155863482163
3787459155863482164
3787459155863482165
3787459155863482166
3787459155863482167
3787459155863482168
3787459155863482169
3787459155863482170
3787459155863482171
3787459155863482172
3787459155863482173
3787459155863482174
3787459155863482175
3787459155863482176
3787459155863482177
3787459155863482178
3787459155863482179
3787459155863482180
3787459155863482181
3787459155863482182
3787459155863482183
3787459155863482184
3787459155863482185
3787459155863482186
3787459155863482187
3787459155863482188
3787459155863482189
3787459155863482190
3787459155863482191
3787459155863482192
3787459155863482193
3787459155863482194
3787459155863482195
3787459155863482196
3787459155863482197
3787459155863482198
3787459155863482199
3787459155863482200
3787459155863482201
3787459155863482202
3787459155863482203
3787459155863482204
3787459155863482205
3787459155863482206
3787459155863482207
3787459155863482208
3787459155863482209
3787459155863482210
3787459155863482211
3787459155863482212
3787459155863482213
3787459155863482214
3787459155863482215
3787459155863482216
3787459155863482217
3787459155863482218
3787459155863482219
3787459155863482220
3787459155863482221
3787459155863482222
3787459155863482223
3787459155863482224
3787459155863482225
3787459155863482226
3787459155863482227
3787459155863482228
3787459155863482229
3787459155863482230
3787459155863482231
3787459155863482232
3787459155863482233
3787459155863482234
3787459155863482235
3787459155863482236
3787459155863482237
3787459155863482238
3787459155863482239
3787459155863482240
3787459155863482241
3787459155863482242
3787459155863482243
3787459155863482244
3787459155863482245
3787459155863482246
3787459155863482247
3787459155863482248
3787459155863482249
3787459155863482250
3787459155863482251
3787459155863482252
3787459155863482253
3787459155863482254
3787459155863482255
3787459155863482256
3787459155863482257
3787459155863482258
3787459155863482259
3787459155863482260
3787459155863482261
3787459155863482262
3787459155863482263
3787459155863482264
3787459155863482265
3787459155863482266
3787459155863482267
3787459155863482268
3787459155863482269
3787459155863482270
3787459155863482271
3787459155863482272
3787459155863482273
3787459155863482274
3787459155863482275
3787459155863482276
3787459155863482277
3787459155863482278
3787459155863482279
3787459155863482280
3787459155863482281
3787459155863482282
3787459155863482283
3787459155863482284
3787459155863482285
3787459155863482286
3787459155863482287
3787459155863482288
3787459155863482289
3787459155863482290
3787459155863482291
3787459155863482292
3787459155863482293
3787459155863482294
3787459155863482295
3787459155863482296
3787459155863482297
3787459155863482298
3787459155863482299
3787459155863482300
3787459155863482301
3787459155863482302
3787459155863482303
3787459155863482304
3787459155863482305
3787459155863482306
3787459155863482307
3787459155863482308
3787459155863482309
3787459155863482310
3787459155863482311
3787459155863482312
3787459155863482313
3787459155863482314
3787459155863482315
3787459155863482316
3787459155863482317
3787459155863482318
3787459155863482319
3787459155863482320
3787459155863482321
3787459155863482322
3787459155863482323
3787459155863482324
3787459155863482325
3787459155863482326
3787459155863482327
3787459155863482328
3787459155863482329
3787459155863482330
3787459155863482331
3787459155863482332
3787459155863482333
3787459155863482334
3787459155863482335
3787459155863482336
3787459155863482337
3787459155863482338
3787459155863482339
3787459155863482340
3787459155863482341
3787459155863482342
3787459155863482343
3787459155863482344
3787459155863482345
3787459155863482346
3787459155863482347
3787459155863482348
3787459155863482349
3787459155863482350
3787459155863482351
3787459155863482352
3787459155863482353
3787459155863482354
3787459155863482355
3787459155863482356
3787459155863482357
3787459155863482358
3787459155863482359
3787459155863482360
3787459155863482361
3787459155863482362
3787459155863482363
3787459155863482364
3787459155863482365
3787459155863482366
3787459155863482367
3787459155863482368
3787459155863482369
3787459155863482370
3787459155863482371
3787459155863482372
3787459155863482373
3787459155863482374
3787459155863482375
3787459155863482376
3787459155863482377
3787459155863482378
3787459155863482379
3787459155863482380
3787459155863482381
3787459155863482382
3787459155863482383
3787459155863482384
3787459155863482385
3787459155863482386
3787459155863482387
3787459155863482388
3787459155863482389
3787459155863482390
3787459155863482391
3787459155863482392
3787459155863482393
3787459155863482394
3787459155863482395
3787459155863482396
3787459155863482397
3787459155863482398
3787459155863482399
3787459155863482400
3787459155863482401
3787459155863482402
3787459155863482403
3787459155863482404
3787459155863482405
3787459155863482406
3787459155863482407
3787459155863482408
3787459155863482409
3787459155863482410
3787459155863482411
3787459155863482412
3787459155863482413
3787459155863482414
3787459155863482415
3787459155863482416
3787459155863482417
3787459155863482418
3787459155863482419
3787459155863482420
3787459155863482421
3787459155863482422
3787459155863482423
3787459155863482424
3787459155863482425
3787459155863482426
3787459155863482427
3787459155863482428
3787459155863482429
3787459155863482430
3787459155863482431
3787459155863482432
3787459155863482433
3787459155863482434
3787459155863482435
3787459155863482436
3787459155863482437
3787459155863482438
3787459155863482439
3787459155863482440
3787459155863482441
3787459155863482442
3787459155863482443
3787459155863482444
3787459155863482445
3787459155863482446
3787459155863482447
3787459155863482448
3787459155863482449
3787459155863482450
3787459155863482451
3787459155863482452
3787459155863482453
3787459155863482454
3787459155863482455
3787459155863482456
3787459155863482457
3787459155863482458
3787459155863482459
3787459155863482460
3787459155863482461
3787459155863482462
3787459155863482463
3787459155863482464
3787459155863482465
3787459155863482466
3787459155863482467
3787459155863482468
3787459155863482469
3787459155863482470
3787459155863482471
3787459155863482472
3787459155863482473
3787459155863482474
3787459155863482475
3787459155863482476
3787459155863482477
3787459155863482478
3787459155863482479
3787459155863482480
3787459155863482481
3787459155863482482
3787459155863482483
3787459155863482484
3787459155863482485
3787459155863482486
3787459155863482487
3787459155863482488
3787459155863482489
3787459155863482490
3787459155863482491
3787459155863482492
3787459155863482493
3787459155863482494
3787459155863482495
3787459155863482496
3787459155863482497
3787459155863482498
3787459155863482499
3787459155863482500
3787459155863482501
3787459155863482502
3787459155863482503
3787459155863482504
3787459155863482505
3787459155863482506
3787459155863482507
3787459155863482508
3787459155863482509
3787459155863482510
3787459155863482511
3787459155863482512
3787459155863482513
3787459155863482514
3787459155863482515
3787459155863482516
3787459155863482517
3787459155863482518
3787459155863482519
3787459155863482520
3787459155863482521
3787459155863482522
3787459155863482523
3787459155863482524
3787459155863482525
3787459155863482526
3787459155863482527
3787459155863482528
3787459155863482529
3787459155863482530
3787459155863482531
3787459155863482532
3787459155863482533
3787459155863482534
3787459155863482535
3787459155863482536
3787459155863482537
3787459155863482538
3787459155863482539
3787459155863482540
3787459155863482541
3787459155863482542
3787459155863482543
3787459155863482544
3787459155863482545
3787459155863482546
3787459155863482547
3787459155863482548
3787459155863482549
3787459155863482550
3787459155863482551
3787459155863482552
3787459155863482553
3787459155863482554
3787459155863482555
3787459155863482556
3787459155863482557
3787459155863482558
3787459155863482559
3787459155863482560
3787459155863482561
3787459155863482562
3787459155863482563
3787459155863482564
3787459155863482565
3787459155863482566
3787459155863482567
3787459155863482568
3787459155863482569
3787459155863482570
3787459155863482571
3787459155863482572
3787459155863482573
3787459155863482574
3787459155863482575
3787459155863482576
3787459155863482577
3787459155863482578
3787459155863482579
3787459155863482580
3787459155863482581
3787459155863482582
3787459155863482583
3787459155863482584
3787459155863482585
3787459155863482586
3787459155863482587
3787459155863482588
3787459155863482589
3787459155863482590
3787459155863482591
3787459155863482592
3787459155863482593
3787459155863482594
3787459155863482595
3787459155863482596
3787459155863482597
3787459155863482598
3787459155863482599
3787459155863482600
3787459155863482601
3787459155863482602
3787459155863482603
3787459155863482604
3787459155863482605
3787459155863482606
3787459155863482607
3787459155863482608
3787459155863482609
3787459155863482610
3787459155863482611
3787459155863482612
3787459155863482613
3787459155863482614
3787459155863482615
3787459155863482616
3787459155863482617
3787459155863482618
3787459155863482619
3787459155863482620
3787459155863482621
3787459155863482622
3787459155863482623
3787459155863482624
3787459155863482625
3787459155863482626
3787459155863482627
3787459155863482628
3787459155863482629
3787459155863482630
3787459155863482631
3787459155863482632
3787459155863482633
3787459155863482634
3787459155863482635
3787459155863482636
3787459155863482637
3787459155863482638
3787459155863482639
3787459155863482640
3787459155863482641
3787459155863482642
3787459155863482643
3787459155863482644
3787459155863482645
3787459155863482646
3787459155863482647
3787459155863482648
3787459155863482649
3787459155863482650
3787459155863482651
3787459155863482652
3787459155863482653
3787459155863482654
3787459155863482655
3787459155863482656
3787459155863482657
3787459155863482658
3787459155863482659
3787459155863482660
3787459155863482661
3787459155863482662
3787459155863482663
3787459155863482664
3787459155863482665
3787459155863482666
3787459155863482667
3787459155863482668
3787459155863482669
3787459155863482670
3787459155863482671
3787459155863482672
3787459155863482673
3787459155863482674
