1000 62
3 4611686018427387888
68402583646882488
68402583646882489
2133276038803937920
2133276038803937921
2265704851108647513
2265704851108647514
1279838139633285239
1279838139633285240
3738319333718882757
3738319333718882758
158658489194171887
158658489194171888
2260120842611103319
2260120842611103320
350900190995606339
350900190995606340
4392166190848395312
4392166190848395313
3438227259908673298
3438227259908673299
1665550212424162287
1665550212424162288
1938735253919632412
1938735253919632413
639591385065030531
639591385065030532
1637525252775523113
1637525252775523114
1942737267238956553
1942737267238956554
3813164424367911951
3813164424367911952
1209742597686984461
1209742597686984462
805525907215409901
805525907215409902
1397825623716830814
1397825623716830815
1672139309293945523
1672139309293945524
2107210401661508362
2107210401661508363
3966276591756051664
3966276591756051665
1103946718304497501
1103946718304497502
2027517506119914143
2027517506119914144
1730502868051623056
1730502868051623057
2688297322987956770
2688297322987956771
1086761931475894791
1086761931475894792
899063434472850945
899063434472850946
4194735373376915024
4194735373376915025
2473455505105241359
2473455505105241360
3560477445565691854
3560477445565691855
1107645260310261886
1107645260310261887
3074564709697594720
3074564709697594721
2078131791227132082
2078131791227132083
2167372402174966167
2167372402174966168
3011328260155077976
3011328260155077977
1497360408034726487
1497360408034726488
2314683709096514933
2314683709096514934
3883847198828073469
3883847198828073470
4472337686667700282
4472337686667700283
1099306076709444799
1099306076709444800
146405754422945948
146405754422945949
1388874949713815586
1388874949713815587
2797804831851893562
2797804831851893563
332201738757704302
332201738757704303
4262432315433706446
4262432315433706447
373314016965657940
373314016965657941
1772819087178724919
1772819087178724920
4360649202501834763
4360649202501834764
4210296759010323364
4210296759010323365
690192575510812759
690192575510812760
4444726999300705042
4444726999300705043
3565470273791066119
3565470273791066120
2036293774119479529
2036293774119479530
4528395509371949162
4528395509371949163
880491264338102006
880491264338102007
1608007747916009901
1608007747916009902
4475579636254261872
4475579636254261873
2055000819073364864
2055000819073364865
3139587731124381286
3139587731124381287
661837865739810349
661837865739810350
2406640422513559302
2406640422513559303
3988566941209957569
3988566941209957570
1231444987738482626
1231444987738482627
1395357979333298744
1395357979333298745
3045657478914727219
3045657478914727220
4348937441215960222
4348937441215960223
803853663263044716
803853663263044717
812069213958765714
812069213958765715
3564138519128049048
3564138519128049049
1512927842398793244
1512927842398793245
1031475847276081352
1031475847276081353
2512679692088655330
2512679692088655331
201405905926566532
201405905926566533
4136342829354417371
4136342829354417372
1118899626918131890
1118899626918131891
1207188515519330189
1207188515519330190
1866775947646323467
1866775947646323468
729716509461813020
729716509461813021
4245610538534273407
4245610538534273408
2286290724089137519
2286290724089137520
4120435208260477014
4120435208260477015
3395680550609808938
3395680550609808939
4576043637577455334
4576043637577455335
1252961102251736735
1252961102251736736
2225574526566394024
2225574526566394025
2305289661098199914
2305289661098199915
766965109318872756
766965109318872757
3109634441271077013
3109634441271077014
4141240381119464372
4141240381119464373
626085136876729017
626085136876729018
2496271016131667658
2496271016131667659
1610541497889738144
1610541497889738145
1788505314436715883
1788505314436715884
3236276035941682927
3236276035941682928
2576641350773613229
2576641350773613230
454948677626895100
454948677626895101
4491701824796707657
4491701824796707658
3823394521635934895
3823394521635934896
4021452152265938633
4021452152265938634
2022585552367877798
2022585552367877799
299486203538910986
299486203538910987
1612420505131964707
1612420505131964708
701031825241147439
701031825241147440
2804930351348544965
2804930351348544966
3843619119072967220
3843619119072967221
3687161150784458268
3687161150784458269
642406296429827693
642406296429827694
3975441900313867009
3975441900313867010
3572218692454263865
3572218692454263866
4254942579525215041
4254942579525215042
1582865990762648327
1582865990762648328
1194987254941564242
1194987254941564243
3637374151475298058
3637374151475298059
2113286524386124170
2113286524386124171
1514361820635075960
1514361820635075961
2396526723857877589
2396526723857877590
2413706753072408340
2413706753072408341
3410993272579170059
3410993272579170060
1489859967715539379
1489859967715539380
151722565658615747
151722565658615748
901945737860909587
901945737860909588
4172049573881148079
4172049573881148080
2653189094416961239
2653189094416961240
2898118457433592840
2898118457433592841
114843871319163235
114843871319163236
536689070848222425
536689070848222426
1366352783164109811
1366352783164109812
3925534698061924612
3925534698061924613
1136967521562086873
1136967521562086874
1334212940544261019
1334212940544261020
410654982472245622
410654982472245623
2754310270256291180
2754310270256291181
2539290922512864573
2539290922512864574
4536415392713639849
4536415392713639850
487009378073737015
487009378073737016
3766427426473098952
3766427426473098953
750014089833846730
750014089833846731
2201277802727421121
2201277802727421122
1664746959672082587
1664746959672082588
1847763992074428144
1847763992074428145
3628704420778840789
3628704420778840790
4546459587878136284
4546459587878136285
841836290420833942
841836290420833943
2727691020877313651
2727691020877313652
1968020407467704072
1968020407467704073
4548384119841357935
4548384119841357936
3156130007476307015
3156130007476307016
1422722987838944766
1422722987838944767
4437380959284063427
4437380959284063428
3980681300875475248
3980681300875475249
3465276211421464710
3465276211421464711
3815419142232279513
3815419142232279514
3331825516385637824
3331825516385637825
2064293517729571186
2064293517729571187
3428533977042957717
3428533977042957718
961567240643579104
961567240643579105
2755623560529664772
2755623560529664773
534621080846102624
534621080846102625
3609864558364364259
3609864558364364260
35729337412715763
35729337412715764
1954792947642265536
1954792947642265537
1883704072311805224
1883704072311805225
1760938343169479886
1760938343169479887
3745217073606817926
3745217073606817927
921141582939994747
921141582939994748
3561494110298101248
3561494110298101249
3676064095308328546
3676064095308328547
3799507312294111752
3799507312294111753
1604887441752512972
1604887441752512973
1661231391988507863
1661231391988507864
1956144175480417749
1956144175480417750
892914993906319762
892914993906319763
3456210277995627079
3456210277995627080
2152185981272385831
2152185981272385832
1355842292668173258
1355842292668173259
2303035180814332076
2303035180814332077
4187578375452063207
4187578375452063208
1865700280884837441
1865700280884837442
2949168269544632590
2949168269544632591
1609382551459085647
1609382551459085648
1277717275775791574
1277717275775791575
4178140609913778738
4178140609913778739
3935042810811464335
3935042810811464336
2707925175065457610
2707925175065457611
387148478676695244
387148478676695245
2489420823623641448
2489420823623641449
1692573118964953150
1692573118964953151
3329982542820716779
3329982542820716780
4200681078987352625
4200681078987352626
777112380716182967
777112380716182968
2780491230901454746
2780491230901454747
1917281763202866284
1917281763202866285
2602092032272687781
2602092032272687782
2746416348082199846
2746416348082199847
3382897996099732756
3382897996099732757
1411977657568070479
1411977657568070480
2729068863293319049
2729068863293319050
3004314940466128572
3004314940466128573
340659889425938080
340659889425938081
1828697808237862240
1828697808237862241
1724690733610109052
1724690733610109053
2793486175510610421
2793486175510610422
1110712516737345368
1110712516737345369
1419122487415066324
1419122487415066325
2564588942094475115
2564588942094475116
3768355462242826635
3768355462242826636
245890330573693120
245890330573693121
2628795018622128324
2628795018622128325
340754019745175866
340754019745175867
1944542255461050275
1944542255461050276
2626491056309733656
2626491056309733657
4537345724742347957
4537345724742347958
4219300041534655398
4219300041534655399
3710346685546789963
3710346685546789964
2736744931293762370
2736744931293762371
1809990121586145963
1809990121586145964
1564949705430544185
1564949705430544186
4095342884785847278
4095342884785847279
879843758361900688
879843758361900689
4301030679670914202
4301030679670914203
2601320703773897040
2601320703773897041
3554545517618281632
3554545517618281633
3853521456087056829
3853521456087056830
4013295246118125281
4013295246118125282
3032801997048974840
3032801997048974841
2666741619351974336
2666741619351974337
168560668966246626
168560668966246627
1687722334991914494
1687722334991914495
4312720293607485038
4312720293607485039
1496774208617948309
1496774208617948310
2943906621759523746
2943906621759523747
3563515970882558153
3563515970882558154
541480825630318100
541480825630318101
3640106758739225804
3640106758739225805
1592889213568599256
1592889213568599257
757595831165870475
757595831165870476
3333841434485241126
3333841434485241127
2475082325407661943
2475082325407661944
3714573687288538436
3714573687288538437
406783346311389065
406783346311389066
2025651241588946870
2025651241588946871
4062469710748356658
4062469710748356659
275119092325853659
275119092325853660
4261080876537877371
4261080876537877372
2051019833005674550
2051019833005674551
2171219882284973550
2171219882284973551
2082709930273371167
2082709930273371168
2037973817690267902
2037973817690267903
2786236514255516050
2786236514255516051
1631548078095000416
1631548078095000417
1953415592924723566
1953415592924723567
3804393506462664959
3804393506462664960
4407148866833851525
4407148866833851526
2364943397989120913
2364943397989120914
1790438672145408425
1790438672145408426
447482511577056624
447482511577056625
2956802105724264454
2956802105724264455
190664314868078882
190664314868078883
3966783755085208835
3966783755085208836
2951727115478604183
2951727115478604184
876810721433095701
876810721433095702
1977339891111712488
1977339891111712489
4194391149072558587
4194391149072558588
4154910898377014973
4154910898377014974
2578471523072702453
2578471523072702454
4428400030147749701
4428400030147749702
2791937984831037319
2791937984831037320
763201979186232543
763201979186232544
4410371419311699084
4410371419311699085
1029876141674470286
1029876141674470287
2674768755848825235
2674768755848825236
459520179550751633
459520179550751634
2603567477730121682
2603567477730121683
3855236846292777399
3855236846292777400
1395656972321290728
1395656972321290729
3921365846089781287
3921365846089781288
1825343169495232151
1825343169495232152
3520688263941222277
3520688263941222278
358518033188375790
358518033188375791
3502761713607381083
3502761713607381084
2267407502337834809
2267407502337834810
776504429681434719
776504429681434720
3730145649112855009
3730145649112855010
4442452185503611980
4442452185503611981
4340035467884737622
4340035467884737623
1513791514923118757
1513791514923118758
172122295629775849
172122295629775850
3843205198982983858
3843205198982983859
812571184405207932
812571184405207933
3256701655253966262
3256701655253966263
706211905100769847
706211905100769848
2959590806860286070
2959590806860286071
3213657060547026215
3213657060547026216
4469917030934894313
4469917030934894314
1829019378254059360
1829019378254059361
3750068316856741766
3750068316856741767
1083964138730688429
1083964138730688430
1949137699337734392
1949137699337734393
2945936591325030326
2945936591325030327
3335459616154917082
3335459616154917083
2460732798306825349
2460732798306825350
3917106706131744683
3917106706131744684
456881844340030666
456881844340030667
3844532284488684660
3844532284488684661
2406437469374334383
2406437469374334384
2191446828529446664
2191446828529446665
1127721499572742865
1127721499572742866
1340260880764612193
1340260880764612194
3067407570602876786
3067407570602876787
4444990560162689878
4444990560162689879
1782016246512109365
1782016246512109366
1055666199414915174
1055666199414915175
2353303566481759163
2353303566481759164
3514196425335494686
3514196425335494687
459901608284396936
459901608284396937
4177742402426227610
4177742402426227611
2687583432228040188
2687583432228040189
1325023812915611321
1325023812915611322
321701719241122254
321701719241122255
4070260838936881012
4070260838936881013
2870394698483213463
2870394698483213464
2573980505561069222
2573980505561069223
120383692160871920
120383692160871921
1845618108214702454
1845618108214702455
144193553238340118
144193553238340119
3012103419942727497
3012103419942727498
1985550460979992746
1985550460979992747
3845703015233734941
3845703015233734942
821741687073840639
821741687073840640
218475690865740651
218475690865740652
1496287412563854182
1496287412563854183
2195750725086458102
2195750725086458103
3630510377505784497
3630510377505784498
86968608827954870
86968608827954871
587094551045352037
587094551045352038
4423592698649845054
4423592698649845055
929457799989489320
929457799989489321
4179112177748595017
4179112177748595018
1781628035453356317
1781628035453356318
2513518226942275851
2513518226942275852
2746473069649772201
2746473069649772202
4029449121024867449
4029449121024867450
3509156568607610880
3509156568607610881
578069359423251741
578069359423251742
568093717947609328
568093717947609329
3867221293972937353
3867221293972937354
3162184438013791580
3162184438013791581
3539332103534421247
3539332103534421248
820240179652032869
820240179652032870
3196607677772353212
3196607677772353213
310868905610519367
310868905610519368
3053211715857460941
3053211715857460942
3404752291165195219
3404752291165195220
843241334476320317
843241334476320318
1944971819505632720
1944971819505632721
220408560042662874
220408560042662875
781774901684709205
781774901684709206
3240849203571873988
3240849203571873989
2666381446332478952
2666381446332478953
2099567362730090777
2099567362730090778
856604002831824394
856604002831824395
1839305133181538827
1839305133181538828
2120607368854226671
2120607368854226672
4393112673817181280
4393112673817181281
3287994985090606294
3287994985090606295
3071217663374353851
3071217663374353852
641223078404159831
641223078404159832
1167621396389140211
1167621396389140212
420316113206981134
420316113206981135
61351445138713424
61351445138713425
1282183386467838563
1282183386467838564
4195097860617638674
4195097860617638675
1422585117349496948
1422585117349496949
3536718557394675499
3536718557394675500
2476812605310781481
2476812605310781482
1327076291468429532
1327076291468429533
2851465933721224013
2851465933721224014
1543246117297256369
1543246117297256370
16173969846336776
16173969846336777
1197485048361068594
1197485048361068595
4303343554402250466
4303343554402250467
2386421675575066123
2386421675575066124
4037879725253371690
4037879725253371691
673009385923908628
673009385923908629
273671238944696106
273671238944696107
261066488843492649
261066488843492650
278233670586434889
278233670586434890
972873617886186449
972873617886186450
67471610648167027
67471610648167028
676216350833860037
676216350833860038
3967874884541406568
3967874884541406569
3882724750077262891
3882724750077262892
695949909668240473
695949909668240474
124153837333377712
124153837333377713
2380547421404296406
2380547421404296407
3274146786290877622
3274146786290877623
2203543498673999280
2203543498673999281
2140576873723104107
2140576873723104108
2138410443048282110
2138410443048282111
4169793769151947654
4169793769151947655
649073168609958663
649073168609958664
1857592232020574368
1857592232020574369
710232205753463442
710232205753463443
3026863321733164362
3026863321733164363
3230573154355053477
3230573154355053478
3770497109180093505
3770497109180093506
825707500336621328
825707500336621329
2336581735123556400
2336581735123556401
2164388904143583209
2164388904143583210
198950161490045299
198950161490045300
2722968207880212085
2722968207880212086
767635396202712507
767635396202712508
3237171781349121191
3237171781349121192
4527696040050746830
4527696040050746831
2281099944048935493
2281099944048935494
1629940584985982108
1629940584985982109
4431187877431585893
4431187877431585894
3546410689781401660
3546410689781401661
3941364553874002777
3941364553874002778
1750752191203997070
1750752191203997071
4109226823130617776
4109226823130617777
4393504779217724572
4393504779217724573
3406199836373626536
3406199836373626537
1463592453255991407
1463592453255991408
254647404651947074
254647404651947075
245865469249650628
245865469249650629
1542713033975528487
1542713033975528488
2434358742795486920
2434358742795486921
223267520572509247
223267520572509248
2812761220355978444
2812761220355978445
4241614794676442001
4241614794676442002
374937651749730697
374937651749730698
3218388340787542202
3218388340787542203
165657428576177334
165657428576177335
153172523031891097
153172523031891098
45243340078140688
45243340078140689
1688301457067027879
1688301457067027880
1021292887841548373
1021292887841548374
2202334347456395558
2202334347456395559
2610873119167230266
2610873119167230267
3052768083970680610
3052768083970680611
4318227897087735802
4318227897087735803
474648436976722475
474648436976722476
4424028894577636767
4424028894577636768
3727739303321964998
3727739303321964999
1972646711138194800
1972646711138194801
819224966774085839
819224966774085840
584037576048799630
584037576048799631
2906402224999589397
2906402224999589398
2505843394338782129
2505843394338782130
2492130149159581974
2492130149159581975
3139786781156285227
3139786781156285228
3438704593977897823
3438704593977897824
3317533672198998273
3317533672198998274
3866283900732860270
3866283900732860271
1006198907951432290
1006198907951432291
2377856287190861397
2377856287190861398
2257131141979307536
2257131141979307537
3826344271978746444
3826344271978746445
3059566797733415548
3059566797733415549
3635013300242796122
3635013300242796123
879497358019337366
879497358019337367
313229774409524495
313229774409524496
3364173208658970988
3364173208658970989
714410702727969858
714410702727969859
2795494045111037989
2795494045111037990
2481696942996173705
2481696942996173706
329472774400928463
329472774400928464
1826360533920800740
1826360533920800741
409227127324994284
409227127324994285
4375137210755711005
4375137210755711006
4324944635321506576
4324944635321506577
2094451449168907523
2094451449168907524
3062580002307993453
3062580002307993454
1692373142929529510
1692373142929529511
2913972820488885907
2913972820488885908
1143208565808442465
1143208565808442466
1379300333041126230
1379300333041126231
1194706363491367075
1194706363491367076
274623499516694308
274623499516694309
1921797390852801079
1921797390852801080
1575823605508763417
1575823605508763418
1501435685264016645
1501435685264016646
1353238580324471143
1353238580324471144
4139119071174263816
4139119071174263817
3221954739305866908
3221954739305866909
2713508707282023040
2713508707282023041
1874736405818391497
1874736405818391498
1308804704277343646
1308804704277343647
785896661142728721
785896661142728722
3803225245516455338
3803225245516455339
4109627092462856257
4109627092462856258
1927862869743511274
1927862869743511275
4569516287603676115
4569516287603676116
556506377594014994
556506377594014995
745120568064315980
745120568064315981
3656228310491023523
3656228310491023524
3780573253845429075
3780573253845429076
2450145841742375925
2450145841742375926
