1000 62
242886303 4611686017718168541
1559521054175740196
2320446363199997944
1957373065048303662
329592056279686097
3431650513912567034
3357440514529337413
3907121524486219887
1517137920431471568
1636562308039547768
2126934262022313336
1629954137772494896
1601073713816310069
3317567590709987248
4110281485611768498
3824664871521776964
3359664163991090847
3337812725841643675
4111493018870031312
3688089768933353778
2304936983845495923
2574263769940200819
4593842799811611491
4193763847229834397
3235326538807567540
4210940782267936549
4425061708986322633
2797418669158664055
3750873608742996854
4509366128664090484
3381271980170499322
3149402635808127996
77677591927443487
979124801474532519
451116356526742256
1258989297637887839
2451952332797903450
556951678892232306
523854446810682729
3322429072147180583
2301246939678663831
216220678183607078
1062745307918967936
622269494602903456
377001418919050699
3441215015546896408
1178628237886285658
17858807699200062
2285800647363182042
38702289762446538
2638130069451905323
4508024798048396380
2844355230213290088
422176429173449984
2434436880845687567
3706448799920755513
1415377742095024064
861957756402019533
223240911446860793
4491060261584144832
3024904597875072016
3145640605832507756
2415023716100744353
2333208032806777602
1214735838011139178
1574528925437140032
4181783857211314244
2136640911299596861
289626145750723122
2275964399180657837
678357457446613326
741828552033512198
2104803164654621859
3318836917610589777
2570896249004414546
1393794025185358451
3548717939653246273
1477913967889369983
810009046765074474
939965340499664082
182639279917939387
970522963323732010
225420212707818724
4186098643069247322
3504906398209822022
1938204159388864566
3925457470248005317
196666541795819648
4425399318718631883
179697924249107331
1093808692553591682
3380207438590011331
2843330594216755189
3802374815410586934
968606402327461537
1829837269785177481
553317228478495996
4273555631985755020
49144437751929676
222670381659178582
2820704401561649969
2021442859455523346
4523560413811876745
1067774719387660968
3443956293672454107
1288185076312825749
3181501580413937396
2344233231314430421
1134092359914246985
3085062861905346211
3607301244631647867
1955446013526070993
972153317709950325
4338438844677271555
398269400118418561
2681721665581850287
1304798044146911999
3457957531550813428
4465971054973119045
3864278969833087300
4539020183714075894
3640205034852496442
1442530961392397905
777630762331017967
656333890152038601
1624552985896325382
346538824880928023
3602594349837171087
3038313911689183535
1591313310930187126
2647000145050502522
1439013378368512786
3908033953247436568
3033047166875440185
2292939241752719086
1563969491054613329
1452784154983264881
2162392354383132156
3307069661929081339
4304171454486762008
3534869799263579643
3623461602565573792
494117577071171987
2526744101420950425
2340167904251116823
3801371374690867595
3321398636951483604
750906594229909894
1732847396243254574
3528452890798500692
2886306293129713899
4300928546896528507
1635938485899360526
870962041910326532
3716296538283253207
1997110924258278964
3558244480215673122
1987629401537462293
3596968873845822250
2530983318826315003
4517641164773771078
78253836573845321
4446183939487610068
1600871370351940560
3230371849982750456
603620706676967856
4236347122766275717
4245708902357670355
3206378469080662374
2354661224145008651
498794867859053409
4606913752114016884
1437445131974819834
2607030636022175501
4310930214364590024
16785724188109081
313753714803363145
1885396864234905426
4595802612216187965
1230253089343742925
2791990507405442026
2379470676120799117
2887642057219371230
3077904390323833393
2879285841740184602
1942557334960137362
1379247558703400549
822145679043046256
377891775443781804
565114171453692827
1032214223120197774
1971187929398551970
3284280322031754023
3087187226720701012
3345319882443382382
4589399244864982819
4252542417758038945
1234634455256317922
1991363848690345647
2518296392296630315
1466376250858903291
4324748651791594643
1709408268292495246
1293527581377248186
1248669501714302147
2477726111047428715
3486493306438167516
2589409782496356528
2955968617996575338
3684042818769676265
670254014770724102
2846199937292577824
4464110896589463321
2378910273504149746
4065060434059721109
808866477028716504
2904248420975456625
3495787900542283688
961715126986928494
1541092794830731237
710540875388870949
77347054295825708
2955098683511504645
4324816121633901146
3318767761941614993
1864314024581945631
4597402610446235783
3055993914882260611
1303884611092232747
3324214090869451923
822185100921506992
1729524477634184854
432136694000556010
1636901338084275776
581639683357774718
4091505338300621804
2507945709443984003
2960500535133651011
1073737330800094728
2100672105350874771
499360896713386241
4517986726169970131
835153240767602560
4572118580608670680
3701294122907895294
1562466438032071484
3560185010028482070
4174923426187124187
4162796528403385940
1092532435319678867
1614958963365993295
3621260418498712370
4221471980153050665
2333019569435947541
2034579353115008863
230032010961406337
3941191888431260061
3099156484593304263
4292812749919784303
4379688312912382270
596023225567456986
1286637732818401753
280141937225978786
445895924312466997
57421337280881323
3113687511857875208
2199636108195723626
3426680434410705706
13907252246901998
2275406354603854203
4301500564492341634
3105887635882558981
3632505346314835331
1396315908919258055
1599984135954705498
1862127645971889820
3141833586926288945
1325612211465162514
1202743114192630270
2893280462685178479
2760513383080439415
916013796399433822
921942327667035966
2512185291822340672
4509500782578386314
2581260286684337974
3880026576622353956
1269265286842655899
959068515011247020
1958492241596458932
3610702444494881670
360665921211901727
1273732026811594720
216875763572168544
2421234477108870206
2070937941226913135
1332469596642458800
2882629180873043743
1295127064788887972
851150380576330329
1453158814918917156
2991363348458197610
622845826018153708
310832150720026508
2743194346895602314
145251275260655588
3860784036446373854
2411691234114269097
3963461405763373078
1187530487538494995
1575463065929645531
3531254724219739532
4103861607222873637
3115250227335155992
652704626524086436
3407743842129081901
4347380044032941291
1181400375690078271
904883249012444363
267923250528775458
540157851816310007
664049516911603497
4340884969256298006
2606764842004803077
1957544256113554376
1496744911587327387
4124754514770376061
2574976684794327419
758728159115202831
4416163763323593385
2191237484505397962
2094982332527926565
3088962322947017069
3614658352074008205
3751704066164771080
2411689033925678206
2300468096724863275
1101270779534069424
4203880282294524558
3643353692965281512
2627063984280500249
2219226172750929630
506925095304637381
33045060365676113
3571678628737935653
3971641821691482225
2134437334375629168
2515902989923915473
3361498404241388255
3331648516436168814
4544952722613265362
648310962045363503
4244557139025017087
2579417141130062495
270908957836897876
385068185491167726
1904559452238628233
2225053722274796587
448094829359289085
1336076659557759543
2723772690287038440
1257979448381568632
312590731176954675
2474700390027245642
433836336523567215
897645235363791697
3316339861834765565
3210736357777454023
2541413747562929024
4410353051857983020
2610353406914400384
1381714785986280497
408706730060169785
4003472144869880686
3222958783397008879
467588471203053709
3953262586018907238
2212396711771276812
1677440214318160104
146639649786567203
3256443799357806247
1673173958374214675
183377830446729696
2025327776852799505
583903571580332139
3321880053121273417
2237942733355230344
949502907867109348
737812612246553830
2040679586652627361
3939076089857727128
1427709084637519555
1195553764137283957
486959541035995094
1685134282217304069
4112985668979179968
4571105102232982015
1343216332880489130
2317951948049185325
1726282332933357538
1392221225223887501
3801766746621826538
4335297624925004579
1735197408400549869
4015549812304314873
3257819212779378165
289708132460147161
3640132374848479000
3934011699033855366
222383579014492160
4402078160603052272
2413644624907515100
2495508158067658466
4301218746514784923
4215367841233102164
2271200484458255593
1471361128236943898
2657234673888637898
3335575753977411606
1012141480698534568
2266083946760060929
3567935680295634067
3990533559226908779
4256230314215898106
831523142385139683
4174004908199765998
1527124685002300968
2152978376386386593
1603921111021830088
4161133934967755375
1592321770837080319
2434733278707654832
2883164764641809492
2759547851270321944
2439904425728463986
2891904901793257351
106251042728669542
1900560927444394379
934726864296542831
98552182626011605
2974689750856340283
2922199650903662239
3744867527099967937
4429125081717447451
2170783145153721176
3178092945181540047
2794639136924298500
1291245833346597461
86788571874115841
3742814269007148340
45902583108758449
4447211314737481919
1877608590151864143
3021489678386567816
3080401960457404222
3609363804703926948
4480426349192307293
792171959776835983
1969814850426246624
3384751346325119981
3335967753438937255
3429015495195356213
1932469155107642135
4320534560224966498
3670291254739406981
2451450380008184998
1877250411407249515
14373456642609625
1680489474171714298
4468604937547119161
61181992162420291
2004350704787381231
4210245226746075113
2517789535712357778
200653041642897945
3316565817506244346
1068349114076527029
329041238312009511
3366961596070817125
3508952626043309536
702159112546801396
4268237777307755715
1317971798557747144
2461965783657935865
2696502917082606341
717545498249630922
1718646157764923667
2842281807074551968
4236008559096280764
575956505033253365
3236786544897337451
2828611454659476048
997088922668467814
1756236474858953277
2050789734670311922
2980877203864066594
2515538371270763397
3440398353639579433
660841946577113794
1251416927091785432
1210565945822663914
3907986211255799037
2861430174055745333
3140222513426518230
1379964074301376009
678999663611308577
441328336943409071
4549360209271504036
3847909213845066145
3302276790592231630
2739928826736823623
1388208732119757083
63691698318344521
830064895186959360
1316438107491528184
1190485565756619254
2109368076394675710
1937060119575718858
345420681722369587
3958643745813690246
4588024652431740369
1084548691672211663
1155265053696438331
1336322476694702803
1142877577146553274
1833138209297769498
666993056723884175
1192716731593614521
2188398200110050215
4205346830813580949
2892769184231426501
440376668736511775
986595594718485490
168261401415481244
1079757512232841064
3257698949570665042
2219023425983217320
3902254948401436149
400893614181745752
1543548720649039235
1206128310916376007
3614281376220215816
4275277119046440965
1018979234366147997
13555622973822286
885300300057001517
302924978976652037
4001894465296615282
1777269196648252485
1608422307638169055
2853856268168226051
4597357309236392761
3563206482715479770
2716850749710036476
3629702923648436530
3878042540430230761
4250252595821067331
3917786886691697604
2356098438757887667
3804754395836380105
2567745955844778670
3412937333969927656
978660949602020284
2047038560968526481
1946618717669920265
1162167003393312952
1762207957037698129
3596506938976940760
2840247935978031796
4203362832553157854
852451148185080282
3445894230871319472
1715868171000847761
4021357585707191026
288937239988052156
3611076380253413877
2147950220186791078
1489125011880613280
3675707219188704253
2043504473143270128
1849436565468232828
2111142503025235927
1459710740511613230
515547924308209625
4525044801874473833
427702668700046412
3093456806906389433
4121811240667011738
1915913339615283751
2376223471640157671
2437551537623783952
2307297645403713489
103753818405600296
1692210355316741147
4434748418324606431
3892169805972236671
681943187567062112
503069776173713011
611820598856184348
1411449384084555693
280235805722597476
1973521909122964843
3972252461970225244
3041978282904365460
710153085575371707
213824157439662586
1428899902562090451
2723778408530156955
1105926712284814318
182831017936266745
3227626373128330963
2539395805553291415
3570315840135350106
1728091136729992764
82325926307534848
2008415983815343726
1503778142737502016
4020413872617409628
942161142683294256
435074462935784382
2180693145455728610
1573696126293669415
1137680765721810270
1845403881723416587
2230200400155341726
3045248027298170154
769951054887335788
3318568123078294971
1937415780447798089
3568693803246668176
28086291310653681
2109394400913296481
2822008229905205089
3426958681776679067
2881212521828877962
1292073160716501309
2647723008793261611
3894901630611414657
1720676875898624863
594930486633802764
748389394655967281
1320398383917632894
272739238629657236
3464833436404040616
4422396201940308398
1246961603059670412
962322706687644059
3145635694014279112
4031614956594806564
2280787295881370992
2387382970153097730
69519509078934913
1909530958373634442
521561596824361150
4079072732372828121
2053740758755089528
2235553662687585082
709687957075431768
248559730473017497
3567158403543070605
3834848498031681293
3911190122153262269
224695002028304803
246008832191835887
1144593340424323571
1843857763659134700
2089349211916781412
2574204848245870296
1045894524218395439
1679562508052190457
1817439382811800476
1628352896923815017
4243875868215597287
162402499405480534
24452067377920090
2094538293226640678
2216728103192266005
1071255861989575069
778275871896622341
2553977399676680503
4573468539798183930
1077142265541999313
1349587574434569512
2986882387813388169
2020135507059070546
1821927838052133256
4524203546946552676
1041508474302092802
3623103695664418923
552647270967206121
386676745149925493
4234367336522883598
2204654489715878346
2478717463243796384
4156837355815814366
2796309837359903836
3874248263580395097
2209000644911843615
2243281066846409576
1091739437215267936
266705759935734646
1180317321583257698
294891852091748187
404210619203173327
345859818721675676
1448276283098295765
1508467216082478343
3853540178485414663
2260491325489118386
534895863843129094
2076260857392567266
4166756515663143526
149500445490466186
2857134471643955869
1997782182923548013
3914879169321143742
4192235398144721761
2762004279512606642
253958041170706616
503800358673946826
2521304354082455934
2987313819527770714
1195623455143038610
1297144158132296171
3137793468637835368
2966678405658716571
453541986304904861
3333461343451441262
123604232715214885
3673548400086808795
1381407848887052851
443183028167826570
629809079746840392
1511800426258046378
966824949299437287
2324462159780794170
4590270956476974325
2556971708434382249
1953825886689428526
11953490334401386
927560026167006879
3882490866494687572
4229606808443300481
3850441523555886937
46746750283018316
258591636862837133
3220675040352890215
1991260707526890176
2716202405445165298
456841172921825818
3166108062678114750
1666029764002470937
1336175539183733199
2424555987980325940
2711814773842945587
3002966523622962179
4292079624368967683
772421136517118567
737976435140251658
1381546915278414546
2958886482015866018
4461191478462795295
3704936755213521431
4455201585732218306
3321768717362131787
3883298110772407158
765852879286522819
1591051947438865197
2692433831683024627
306735418715381781
3910939060115174957
2878943159108471896
3973946844557292384
3620584864373335808
4521656831996476
1679316537242683322
2654372036977255972
1835120864253900953
1835915042426364438
3006861026526907180
2560580512207182673
1757102326179423890
3105703048138102444
3587657693074145343
1165471629198834168
451248424060612819
2292300934819140914
3501536598981397470
1276120203282913170
1853932594527160979
3745364571854961271
291304490252053956
3142275728536177085
1940936609453469798
4258646942927380841
4418079120762384144
2486075533797958912
2087463472537058508
4249156214582066142
1925154435166723437
4375980960642085170
258586148420069313
2907525494387647937
3850027125152968634
767650233857874310
1578893165432510236
2644231462322029564
947929746754420488
2346805510330899057
4178482987727486345
1349179780747152510
1743937878975577105
1091907234544390585
4181765545119042910
2596004631751705047
1380911850325605106
4105441042706323468
3675636557540394583
2137179874910905199
2966657312614906949
3825820268075731314
4097014148629777654
3368873937581178148
3865336093728805399
1475396213492591401
3418920457744267752
2001012515582307775
3130631973495257018
2012067085283867963
2501769035467079878
1286553423449883617
691002193922293679
68620183470626670
628917597416361459
1566625335992583656
1658226165321045657
2767664494857941922
3819529886213646704
1432733746248572684
83765484318492640
3510553031992724982
2271579624924577296
1092477221554685405
1947674061876925946
2057950645253796732
2813395641563570493
883216894581416271
4003043085914869672
865099767520185457
1800299663320122744
2268175680902828461
4436696955371985152
668329296244103041
748614915219408778
1788520725579089768
3290661736755779558
4391891997733667286
4121001291424057966
2550058974997747223
827494374489576376
1357957529058029859
2169101099916069498
2042059929771425038
2659537244394795491
4029468141652627695
4233823710479648704
1295666168617242723
2848240311293202123
3735574368705831075
3436740903329935432
838451810640764359
4595882287201029933
4377069351662847847
431763869734401075
1596149870270153906
2298950162132221542
3241302621925695961
2973608806505745176
2959154460082953939
2314398878691107932
3827456802087350462
1212695847547272418
1760441781698748400
959552555904615290
449621434716366195
685211503587935805
4254560328798237222
2891077998189873123
1192721907302252056
39101823655226999
3726192409249750921
1719426927083441139
947900283560635091
1728312544247035848
1974502788784207976
1801646364585128804
3161802379459446909
3099887252437018169
1374318545492906312
2628868494754782083
1207050415838946308
2190929409221122546
456461442402884789
2795931644515011522
4500812613221985027
1683987227279656612
748954976467706468
286739070524123793
176373899713479603
3993849177944440689
2091006310330965796
3067781165630595890
953366425429302777
4276146024504201955
653736850988415764
2085938671615762336
235502016805779054
4045665616417442996
4404883929119692014
1221925657398347324
4530252187965823486
869767977653511906
2948880891901653011
2827848008814319168
204278887152654481
1390716165360345001
851224018586110107
1370700248278596175
2249981487704713454
3536798202798148236
2855046052590793535
543830002771385525
3693037603412131075
2330941465456313887
3122038505613803558
3168652170858431143
2633962748443253737
682312000322082976
3167825052998620291
4396102976182912801
110511997668694606
1194037100576809869
3348913259030214077
2666634823570712568
4382525443157699919
82105496145183283
2495694565970028680
1359123156207753353
1163652739881890911
3556397265442193490
3231789737818676758
2921094722476686925
2921421281063534435
333857551030069528
3645457779892463733
630724542856308744
1280110189962538588
1113861120643075294
3777702093380453161
3479390951897283213
201087456034702747
4062253437881070497
1844782466760620498
1174517300298208687
2259741427333909419
2248161627406006334
576900448583247193
1901887802223670425
4289927963284755476
2651253057603013858
718493459900090043
4521545392952792249
2305260560328597023
2511576827148096782
161999142396480585
450765359943053918
3164918040857372630
2411213308145234095
4056888859457902099
126737479242193511
2033668991830238974
132560868143745650
3179717971984569217
154543443422963736
2199540028203952019
1106354221272837110
157161866148638096
4169547060965808972
1457354895420594587
2920199174696123694
2487489701679107638
3715095895395529288
471165790653124151
2930364179261113678
724344345410604838
1263348660062776097
3371895877130619660
4559564303477416555
2414602009307453660
2649111542134253153
2760607539378339667
