1000 62
10 4611686018427387901
4327904458897121193
1768527152493174067
3662919915061528752
2139102909026978885
1398469537879702143
3596531433242309680
139703989263576729
1470204903839522129
394659157184236906
2485068519269675360
3575058174542733368
3937779321196584798
1237307166336130184
3371323798107023325
330995808318178332
4564493854665792251
2379456821158769884
3884409402078268815
3759223854082779828
2143386878774183572
3106108966392415344
264345242374725897
2579645275341394256
3010419027585711562
959929866024716174
2463423459096724538
1147708798512855277
4445678390178935746
4459580962776542555
3173579690768670521
614387387139870899
185623642457542479
3939687353429030135
3829519198058417046
1096817849511291105
3484633913786184761
2573998652306158051
2176268997729925839
332159847109642304
66710232235411831
997224585360595513
2689649655132618921
2429189065212924634
3134229345483539547
3322227118281536108
1275832559223878734
3474916646197840817
3562001201839177924
946067304983804835
2502306635260396133
4034724929496942429
2381777880587758807
2794618432994711861
3125875138799988839
2904222141760706980
3472752316151639986
1229184222235104620
3066317815487753554
3255074222931456060
2572623608760938753
4514867142233936039
196020347492870874
3404944566239572430
2754433692197773109
1636420117819371285
1708593220896434488
2436236105754519229
967270922086880409
1212142780289404747
2484574752384374523
3023296238811029637
894873627578890983
2070281464110566916
737393293575730748
2010877061982691593
2495843370664685271
312754532557033894
2906661694398301357
3136957965740920978
788912124105981954
3885552038736776880
4286292820436431131
2678455789281760495
327837887709475086
3811702699409096912
1840718169353714123
4402799966178870243
298082289053266001
4212048785139472532
1106770712149463172
2255427535521758248
324150691080316779
1830548299980062608
3965005337837246237
455236681536321531
4436883070034735127
1114311899300486657
2204812073891100402
183038405057416992
491113371587546292
1047658026384148029
1156663032473117527
566021030196704618
2036549854050798365
1127289999625319847
1099522961407902724
2208597309621171986
2524979639989502664
1185067744846503026
4496406218606892116
3691908884383948880
2289781825557120679
470141634731355673
2980220629825878450
425980114002123998
459631152691904852
4453163461635195270
304473534334595882
4519374314260852687
1448453644346102680
662008835674230084
3558350225509588174
3593758151915872633
2804995452220229382
2443552237937469394
3954056432955600649
1176995380948003023
32179576699810503
396250436500577029
4250294453699275820
400657170109620649
489436058086075152
2904888197226953901
3858071118119309057
165330387172170436
2016681236096731002
2491147575909720975
2070102426643693306
1202413071717684828
259125340774990262
3002806262803819397
1120187485500880360
3471949774765114905
1001929720274964693
2936629465965793668
4367706020332516825
2176441645270933139
3584880669810543050
3465781003810134117
3149633315078882495
234895721898995463
1061579476674849357
4444937747163825742
2624001546208230011
2761312542411086370
818898714561786671
2197977829223995142
921539009564125784
1664101024176067023
713314958124495433
4188712267186816747
2332554245742230636
3461758355491557180
2169928247294577249
3830199320697531552
1440456630710116841
3699051225075454323
1499566992858436124
4592855099802014780
4459511718275912388
1257005261821114638
1351733132117504805
2833671890708788232
2472727343738355994
1850431711313914159
2202774941098035462
4451159160401255120
3859214899905536565
1897773959925472046
256135050014195613
667537357976658673
422858011364787840
638850356383828611
2004901294920061843
2344326856156117632
1268026904128331374
339046817977920323
1565293474843472695
415256408468430798
1690340490139669679
838940293072753796
1088058522324645211
2436591756951119992
333199200390021484
4172256319493776413
3104974844935933179
271021159485743433
3057267669598573673
3501889973075588008
719112191841925673
4519295482082688067
1156845139299358024
2940536364973355809
703226635915542731
3989673387006480904
4043703781157679985
2314405627421827175
3398194345709225094
4154315065998176519
988430748006339074
3122391569908988942
549004101634425608
2715578803527415439
1379280727790691485
3419835884501584269
4189603925613505037
998114867854803070
3875084668574456591
2772234815939771641
1723875291278979588
4449100832267048032
990783225302320777
1671615546854014411
3614217538266265199
920996544930774769
2498087297007647991
493199810734926814
1259209854302473001
4415218932995573349
2502006288187443920
4134211018349950765
638517836134666187
4593292212612539537
1398102453369740294
1033873612809937461
3608042479117012326
1184983747924776109
1571029022585970588
1649958594537362491
3408956732645957278
2702607581659729937
4102893437099682158
3756007539073200346
2914101313020485712
2855602124140786690
4591550029054237455
278304781824173931
1756916796611558731
991353321796895391
2156387431580220805
1596638331870600177
1834593577362359602
1954344988222452677
1029084800368544919
2612548391483583629
1407571437972973993
4309530645919818132
818438405709439412
235353887231743102
4598756822875968702
174322910858840767
3132596562392832573
3028468968935904364
3171026383314471695
742617678759670500
313265607062472848
737616608453239678
1891557124505508302
584185959361708728
1844477784891106405
2037345365337891397
2912834048997528389
3767527458055552343
3610896478088439233
4365232507831226819
627049255236002226
1922047048443460166
4510402209815772627
215543957260437884
4220445036973868075
4043271330731520192
4200102094956074408
343479572295045479
2366977027040197741
4129722249105643867
3334516064318013200
3706036065764804660
2385840499735966550
3409235680176275568
1467373047781467800
205008376303967325
1284436143517538876
4083560974824591370
1704489302878235652
3718012416395436697
2931708256851174133
302885265878407158
2206617750088315328
360965872379945321
4549345643571193880
2228023326646371467
3588672178119385749
1758385455838951377
3071179742249854905
1071289756829678959
2682197132333088163
4506261039506045249
277745567554889113
3107910030478682746
2924217545680540424
523155999494620048
4015786436051709259
824426140635621363
966497680340524488
175933336985617346
4444242432172688042
1744185991504019518
3055184303651167698
3135790620251302772
4414628816349560081
3242398530838012144
3526213230139677408
3637287693992356084
1698120350864143816
3809835019691846182
3715223839755694734
3558966756823545929
3313370995530102467
1696441407904592631
4043973038250345996
4099596012148639290
3183578724210152845
394147454333976465
1583430137752669232
848514539867117628
2952267069788960941
520589063107051809
444371532237262115
4302227089742687807
15371096836434810
1797096002938884261
3121837704428457552
2871448341494043136
4153531566694439600
1940587053140801586
1319792883884207141
1034022112525549491
2651738510622218153
1925473489794211154
2941483319620461520
4311786788171235254
381092220880665840
935288772770594080
2352285349120458642
1005820129217686901
3681305630625865478
1003901071385182698
4478717892443856045
3715726829463970830
2691992610056624901
4092451455878453512
3499407406295078521
1078372168996985100
69682127251690960
2760376239047056745
3150391733519771411
1770473365864004913
3363283498453289571
618005419691750673
2304757190861498010
576412541277246102
2178012075116192478
4049130168760588906
2314519964499659761
2981270121169251511
1908626549139155218
2017468827791715299
4275617886845102794
3392128149561182673
1762992055110577286
3774874823849230603
4329380517048741212
322500194742114725
167117563751787942
260748551578632850
1389829640308949393
566005107623927409
4354329171319978055
1796851589099701373
1912351457513075235
4535632396592535434
347027625592580032
4318309512726712191
1814585902919945341
1318548222302270019
4095809151827306691
4093766376508658340
1896395522291978534
4494630997580111684
2622612453918178405
3458820279574565116
3977984704359822223
4372816015475686914
2053246428561890168
2660045813271111331
271289600432013758
3444834949026383447
3313950851907063898
131775025523141253
1375326784763373277
192373030598250503
17855961676763965
3273325149582736903
3346451809598758642
4521118172056509669
2201993668613553301
2553141299119147396
4150690325498982065
2413956803500311396
4598858006826332676
3131641710978179004
270648412318471047
344171201745639576
1527356137896911835
3803960230020981675
3112379012739773617
1233380022686223408
153277033123900968
418392818230388971
4480907975189146698
557326551207756432
4243465908958932878
3422375662883171575
2709318516975661986
680065762384528708
1287279079678852911
936787555642019110
4096205445232210787
2568140387670804561
2357253474842698211
2610556007207147500
1288053563777202697
348258718223282269
4478611049849863307
2126022017904775991
4232824925282215842
2521555974759279130
2919223528158209186
1070398920170686940
1154996525660800020
2468566778375056941
4013887014338996016
699583972764511077
310373085935938953
4491809136900143383
4130634544279713542
2871939263240419803
3189460924330383058
3657771311641616977
454704503903632334
1975827739216241507
349428677742529333
2921419368470224967
327904588003653624
3849484045854109899
3812464095447133443
4567442942176427259
1061922402679147901
1140163067336311868
3977583420875397380
4259036842921006479
2669265516405894658
1610916905786355071
4487962300999192650
1549925277421999340
1382421850032399255
4310402253084768698
3667276284061444999
78655478331950038
3613622996262456188
1662945602771138675
2868387840601378021
1206027498855072818
1353486439453826912
1402142311843150711
1976290467240948120
3996283931982320220
1676618937540686739
242523020601454441
963651801840641083
1061560678837239931
2721184725525809880
3537966588931932009
68480200637510453
3420893845585821730
1314389898143515679
4412338006105278112
592992486208988169
957444076031832960
4360071631388972221
4080803007160975746
3757601687815154509
2816404491467946090
1375303016033926326
4208156659099421425
3541078218461015956
2726228195881042241
2773796185263105395
2922899947738935736
1202649053440881943
525191787727722376
1640685057077679802
1456914372139972314
1129946890757591621
3720685697548688529
3451377658346805360
2537654930183486666
4274277300766242523
3005478924335572125
2015617966929008958
4208033469940033360
3172970320154302842
3148371345504559005
2744837010916783544
1682007806721301644
2041174503676240023
2293127155714943107
4009493250683100779
2461357306639081609
1197856833087304653
3085441762321567977
1622230201091588292
475672067386649171
3850167800085364701
2685920864897354577
2180180800487669264
3520578837865780579
1948216339848982284
690063053814016646
510494298986467907
4557025144533935848
1084950257919582062
3593287188224323807
109551942825185613
3431736350342408322
3422463370800755287
4051400995142741995
961257849752153993
4566537384851424620
2982532819771538156
290203294773249
593084270196864139
1966492071213735
1928841487674535618
4013716767067455776
1815706586764630089
261947908026052642
2894512338862036292
4099274706955003288
3357172296870993858
1964833179747316191
3128808377665156199
2073937303957682095
1281284906461213555
2828518370929450325
1082184927360713538
1601812029425240018
3972881776077434046
3530793680978634027
4521439813448662788
4359557879729246777
1290978758453371393
1878313668362811600
2747812528538743349
2646470102759467348
593707872444158868
2961839731100690226
2991859357847524591
868601249048031567
2084550422427997632
2976361049426009662
478630421406756653
2208216901586446198
1660088156866026867
3652755785030517704
3171565150085630576
4205597740981896818
2089914655958103316
3161170697928987531
3361217205992012800
2903980750746947521
4123413323680962183
4551953495303128636
1694485755932470175
955448588431845556
4213263875162325554
2909143171973934601
3015830137383387189
2277223166066461653
2183847560087015335
3384226393209215918
2060920422066691550
2628337797697196009
3187876529492080436
487475202929394320
1915041044915070445
2801924780959018733
1594925228116570853
1552262966304913727
4454678301655992119
1928785973581860629
3364361419003397703
2142852894188037827
3915652678840940738
1634754032478683233
2783779868734481823
3453301235715488829
725064976013001128
4216240196969095299
165853050458300631
1627615508989271948
3870146342241141942
4564647247488734366
3589298732791592377
4476230034116469440
3746140656822683769
1058915606251748192
3866245085226431025
1330433734456521790
2963825919793084102
3219125860519840774
1351972126985290725
2747912391643659367
1401371509432316998
3457138883502271885
386065017396585385
3203361262410074271
2661384503174711427
2983225204557086034
3783048464607867749
3901184280369633298
3899339129519164927
3413011509172770221
1673905227640746128
2724139135193647695
1743885934968382685
2988777873861443978
1494976640924482260
4481957084120854966
4292446804726186152
3373145872258663021
1529390318273195610
1099014288461003624
1081811382663028738
3571202797340065931
2910573710919959692
2528987680301520089
4422573720995526654
2125554396739817208
2405951786029992846
1953035270534267648
1015273068176477656
3425949926344565641
1360167542657493710
3406409237270899273
2441356525351151298
2277766409525379995
2382979655419598845
3206374101257140797
3165549174141944931
986735497087038909
1248965944258822365
769265217583575277
3080404538688121655
1059213134938730105
1308850067929122784
393169278445009992
4527619896263855982
1226853982903773803
4068595701168050960
3948906975113175894
3965737401718227772
2723979199234234522
2511640612966323640
1418738290648482138
290302423194232223
3978898085026880375
13596052438768468
1209370567977065659
1913293529417810702
2370800267996995861
3302697299004294066
1088208640523004991
2005613538794568141
680664375841589133
3945259211026284361
2662720765657165173
1076668896393633836
3106470764300635348
2389722282382719553
800398363429464174
737094005031229455
879565769025493192
4083209343459395340
1624291121341981610
645287470086337218
3830413031990981026
62929363338495420
3104393015840303212
3337099222756399710
408344458485253021
1949887741053069997
107137733233955813
4068463649625108417
2182253188320730112
53187753149090367
1981916061836376833
1454664484514356500
3617948798304002183
3647474807304118745
1057594763767030350
2248333760463536321
890756298377695623
3745320698941862173
2059604529770970895
4188531878330581480
3516860254093804406
1928863686874331717
1639465905658001539
4169229619265777604
2620452293241702955
1365128716029622592
2845336965657233244
2083938671275122167
2723237053546654730
674470759766304668
628729007497465636
187668267065169119
212370877113134098
536775172904227429
4427709547552515756
123491931536382843
3176882563394654324
2733261772111449314
4532544633778920414
2850102060101873554
3742605489610711055
1048450750351939409
2190238824188721656
1462227311408333265
3610791382746898043
1281083270773753528
1517351857497514911
2775635107699065894
4573873010415885681
3341605584464789076
4609693890945937648
791412797020371287
3069158709079834665
4002447022292601108
3167045659855782916
2978146506607226032
4438187714851702301
1896151757897637993
898686637952499467
2414156812993038255
4416987577771555623
3880936472864520954
448197255940580439
3708542467007628366
3555008585862842114
2944100159773796889
4170703513344307761
3978586962256933340
3887012584258953643
3478457515859328088
3362249529335023840
3636773280624888493
3610226014643926531
1273341294628906513
285771780559846898
3812012008872695286
3699252732585706674
4409476224291709078
4374859100223763154
537552615200776135
1489557964847635185
202363151927117571
898245666596526269
3653584256729099202
1068859059932713120
961000616631321935
1977827610523877206
1186597861516831076
3893466489977859767
1454065031270066219
4591242749005711940
267514795091933770
3163519884625631436
1975991974962861599
1118749104018726036
1833245257511904068
1907234563788309512
3592466750773491249
3079755747287526229
847854727381148917
1913022068540342067
15331999870468279
2214027864837254943
1340173647407617874
2562580596736495793
3171954226730815184
2681595130286567896
3177591804688251732
1994647129262098024
1844466991826427496
4189857708621644886
2315787277677243873
3644158245621639530
4160211503948263319
1882233223450131299
3222217662321350357
817667561611200901
3890621062120010136
2194390551756311754
1127260542068731709
1597787680292269745
2952869377853616562
2061980182828956857
438443573087609106
628142701699681351
184722219617827936
4080084659726946078
1553238925480659494
7682203916973153
3407407632088341906
2564781345393004397
1824658837207091747
4250194322863035201
4364450617101749154
3043091808817671806
95081987938425640
683611976390383383
2812410013730521713
2155427276712762723
1599527184316775986
2895045839681579683
3345407261924591587
40780703912814458
2040545477103408530
3073086367055597460
135794491570368493
1522502329659069862
3214470594189169789
4470897599250663789
79089979337516923
4244101843690288376
4004798900367406319
1005150518024564129
1859137797725936693
962011311377502126
767684427082029665
3069334579192208559
455696228579450466
4060757024411412742
1136988288496947868
3009231788474992031
4105095230186624801
2801527914812069331
2967079384075062569
140110882562163262
4012488948730055483
3215639402517233771
3783638801564284422
4350642843968736201
2794520672146416434
719621397991357244
3078129165698712163
2226669240156138750
2691220491790582907
3180304940603551984
1583733558392184836
3438222150371372948
1699047302646939102
3565612596777578490
2796951043513901636
4201866718405910617
69796368278759222
4064636718401327449
504604364371224728
2322176823964492908
804780974521849026
3650136554646779339
1516249773532306097
2415747818885517468
2193291883504739622
1094698041313028027
3391761573548005909
1770814787045930644
932366256711142627
2999267678182391478
2782032615098761185
1647123786091845923
4240258640924146393
2865822286212392680
4391025594718240588
2219277901887062812
1860518689749320870
325075876461522380
683783487594833666
1651846024093963042
4370295993127477756
3012990447257366613
1575375184029603897
3362741800496634266
4395293670019892716
104831278559286374
2940897552193660969
3223813341189669146
3219585923290181756
3473841337576676453
4190012546627137752
3735647404707678712
4275167810546767120
3716826197531981809
205802819119419300
743688772664531942
3865540287750484759
3366455445919662565
73985983343273927
3756111211870097201
405611715288313830
3904065275140204877
2305529243640481577
714161701730384049
4005398203646244063
1694306424523066083
3211591343543075778
3811133401316116967
188834214646615815
2158560145011843869
2146305635141116178
3534672631143690322
2655044171395035019
1466992163292185289
3351962967506098148
2258010641338259272
1449194703727711914
2426428251108938588
1267617198334797502
4081720541408631603
3732984873415041384
2359597534979444637
3519345182110102313
850849593005261058
3482939725974963782
977415837887545982
3339447816543544752
2391759107037287217
1419220916327353739
3173296848078639496
695861060100144390
2971640618784882450
1782180106030667521
3673447233577374747
1992603737376093427
2152333548792694785
2430273174995567611
2274111290247131417
1090545903953722119
178309595738258393
3809655488898142932
2876212631642384645
3290363732181774437
1217503023128310380
1593646652814538591
2408042857186353261
2214331204143613053
4429636217873598398
1788007083389541506
3273835449051169046
3992405496261167810
1069627786011474065
3610818681041325144
3790318711769003643
2778224526905397783
4281550355371507706
1794025723661570326
4037834116245810472
2444780954011308656
629813525586149419
2165601374227336612
2563641121206880438
2285330081450165817
451945511793935810
694633809595513324
1360642735982228246
979515050999595998
3272696622929869966
794041080093933515
