1000 62
14 4611686018427387897
1760008599863653610
1760008599863653796
1760008599863653852
1760008599863653745
1760008599863653934
1760008599863653840
1760008599863653958
1760008599863653912
1760008599863653721
1760008599863653890
1760008599863653605
1760008599863653943
1760008599863653924
1760008599863653679
1760008599863653830
1760008599863653793
1760008599863653688
1760008599863653778
1760008599863653712
1760008599863653635
1760008599863653900
1760008599863653707
1760008599863653643
1760008599863653867
1760008599863653956
1760008599863653777
1760008599863653953
1760008599863653812
1760008599863653649
1760008599863653614
1760008599863653636
1760008599863653943
1760008599863653865
1760008599863653719
1760008599863653651
1760008599863653821
1760008599863653832
1760008599863653662
1760008599863653943
1760008599863653821
1760008599863653674
1760008599863653881
1760008599863653765
1760008599863653923
1760008599863653890
1760008599863653688
1760008599863653961
1760008599863653631
1760008599863653889
1760008599863653692
1760008599863653864
1760008599863653647
1760008599863653810
1760008599863653916
1760008599863653819
1760008599863653947
1760008599863653910
1760008599863653845
1760008599863653849
1760008599863653916
1760008599863653801
1760008599863653882
1760008599863653620
1760008599863653933
1760008599863653976
1760008599863653647
1760008599863653703
1760008599863653944
1760008599863653738
1760008599863653787
1760008599863653790
1760008599863653958
1760008599863653802
1760008599863653949
1760008599863653763
1760008599863653663
1760008599863653734
1760008599863653725
1760008599863653776
1760008599863653791
1760008599863653795
1760008599863653866
1760008599863653898
1760008599863653996
1760008599863653861
1760008599863653696
1760008599863653619
1760008599863653800
1760008599863653825
1760008599863653621
1760008599863653870
1760008599863653618
1760008599863653718
1760008599863653950
1760008599863653823
1760008599863653627
1760008599863653803
1760008599863653709
1760008599863654000
1760008599863653915
1760008599863653657
1760008599863653990
1760008599863653886
1760008599863653717
1760008599863653696
1760008599863653644
1760008599863653961
1760008599863653745
1760008599863653623
1760008599863653826
1760008599863653746
1760008599863653860
1760008599863653781
1760008599863653913
1760008599863653931
1760008599863653976
1760008599863653631
1760008599863653868
1760008599863653840
1760008599863653793
1760008599863653711
1760008599863653778
1760008599863653749
1760008599863653838
1760008599863653848
1760008599863653961
1760008599863653851
1760008599863653727
1760008599863653690
1760008599863653842
1760008599863653886
1760008599863653791
1760008599863653698
1760008599863653701
1760008599863653997
1760008599863653988
1760008599863653717
1760008599863653915
1760008599863653608
1760008599863653742
1760008599863653999
1760008599863653779
1760008599863653696
1760008599863653728
1760008599863653609
1760008599863653861
1760008599863653625
1760008599863653731
1760008599863653921
1760008599863653664
1760008599863653789
1760008599863653884
1760008599863653862
1760008599863653684
1760008599863653617
1760008599863653770
1760008599863653947
1760008599863653748
1760008599863653932
1760008599863653665
1760008599863653722
1760008599863653874
1760008599863653862
1760008599863653849
1760008599863653855
1760008599863653926
1760008599863653786
1760008599863653739
1760008599863653955
1760008599863653832
1760008599863653983
1760008599863653688
1760008599863653834
1760008599863653754
1760008599863653920
1760008599863653628
1760008599863653747
1760008599863653773
1760008599863653868
1760008599863653932
1760008599863653961
1760008599863653832
1760008599863653965
1760008599863653714
1760008599863653980
1760008599863653750
1760008599863653871
1760008599863653735
1760008599863653619
1760008599863653954
1760008599863653606
1760008599863653960
1760008599863653618
1760008599863653672
1760008599863653890
1760008599863653741
1760008599863653820
1760008599863653675
1760008599863653728
1760008599863653707
2175658394813100501
2175658394813100757
2175658394813100762
2175658394813100790
2175658394813100839
2175658394813100603
2175658394813100860
2175658394813100491
2175658394813100684
2175658394813100691
2175658394813100772
2175658394813100518
2175658394813100678
2175658394813100572
2175658394813100768
2175658394813100756
2175658394813100648
2175658394813100659
2175658394813100797
2175658394813100847
2175658394813100668
2175658394813100759
2175658394813100553
2175658394813100479
2175658394813100823
2175658394813100834
2175658394813100550
2175658394813100486
2175658394813100490
2175658394813100508
2175658394813100683
2175658394813100744
2175658394813100573
2175658394813100665
2175658394813100521
2175658394813100834
2175658394813100651
2175658394813100567
2175658394813100630
2175658394813100609
2175658394813100823
2175658394813100822
2175658394813100748
2175658394813100722
2175658394813100789
2175658394813100783
2175658394813100534
2175658394813100579
2175658394813100744
2175658394813100777
2175658394813100829
2175658394813100818
2175658394813100672
2175658394813100768
2175658394813100596
2175658394813100507
2175658394813100679
2175658394813100653
2175658394813100636
2175658394813100513
2175658394813100821
2175658394813100641
2175658394813100543
2175658394813100822
2175658394813100517
2175658394813100840
2175658394813100630
2175658394813100630
2175658394813100827
2175658394813100563
2175658394813100859
2175658394813100818
2175658394813100808
2175658394813100797
2175658394813100694
2175658394813100658
2175658394813100561
2175658394813100486
2175658394813100578
2175658394813100720
2175658394813100789
2175658394813100698
2175658394813100719
2175658394813100562
2175658394813100500
2175658394813100812
2175658394813100775
2175658394813100645
2175658394813100704
2175658394813100593
2175658394813100638
2175658394813100520
2175658394813100585
2175658394813100474
2175658394813100655
2175658394813100658
2175658394813100614
2175658394813100574
2175658394813100823
2175658394813100692
2175658394813100622
2175658394813100583
2175658394813100735
2175658394813100546
2175658394813100727
2175658394813100828
2175658394813100641
2175658394813100554
2175658394813100727
2175658394813100708
2175658394813100670
2175658394813100781
2175658394813100727
2175658394813100832
2175658394813100598
2175658394813100706
2175658394813100706
2175658394813100496
2175658394813100866
2175658394813100587
2175658394813100679
2175658394813100746
2175658394813100828
2175658394813100860
2175658394813100673
2175658394813100737
2175658394813100815
2175658394813100696
2175658394813100810
2175658394813100497
2175658394813100525
2175658394813100754
2175658394813100763
2175658394813100819
2175658394813100630
2175658394813100650
2175658394813100861
2175658394813100845
2175658394813100479
2175658394813100635
2175658394813100867
2175658394813100726
2175658394813100655
2175658394813100794
2175658394813100628
2175658394813100558
2175658394813100540
2175658394813100715
2175658394813100586
2175658394813100749
2175658394813100539
2175658394813100599
2175658394813100724
2175658394813100494
2175658394813100690
2175658394813100657
2175658394813100617
2175658394813100680
2175658394813100792
2175658394813100777
2175658394813100615
2175658394813100670
2175658394813100781
2175658394813100635
2175658394813100546
2175658394813100535
2175658394813100603
2175658394813100799
2175658394813100487
2175658394813100808
2175658394813100782
2175658394813100664
2175658394813100682
2175658394813100688
2175658394813100787
2175658394813100808
2175658394813100605
2175658394813100644
2175658394813100679
2175658394813100864
2175658394813100665
2175658394813100723
2175658394813100667
2175658394813100675
2175658394813100564
2175658394813100557
2175658394813100576
2175658394813100601
2175658394813100527
2175658394813100608
2175658394813100738
2175658394813100498
2175658394813100805
2175658394813100850
2175658394813100837
2175658394813100654
2175658394813100847
2175658394813100627
2175658394813100865
2175658394813100541
3990400160728638698
3990400160728638647
3990400160728638922
3990400160728638551
3990400160728638823
3990400160728638696
3990400160728638560
3990400160728638545
3990400160728638626
3990400160728638639
3990400160728638622
3990400160728638639
3990400160728638905
3990400160728638690
3990400160728638636
3990400160728638633
3990400160728638935
3990400160728638698
3990400160728638818
3990400160728638550
3990400160728638849
3990400160728638591
3990400160728638725
3990400160728638889
3990400160728638794
3990400160728638813
3990400160728638641
3990400160728638768
3990400160728638589
3990400160728638809
3990400160728638542
3990400160728638872
3990400160728638603
3990400160728638740
3990400160728638797
3990400160728638788
3990400160728638864
3990400160728638689
3990400160728638778
3990400160728638721
3990400160728638863
3990400160728638737
3990400160728638751
3990400160728638803
3990400160728638553
3990400160728638905
3990400160728638681
3990400160728638549
3990400160728638618
3990400160728638790
3990400160728638926
3990400160728638726
3990400160728638892
3990400160728638591
3990400160728638888
3990400160728638757
3990400160728638819
3990400160728638746
3990400160728638850
3990400160728638730
3990400160728638924
3990400160728638575
3990400160728638605
3990400160728638717
3990400160728638570
3990400160728638657
3990400160728638594
3990400160728638755
3990400160728638582
3990400160728638567
3990400160728638543
3990400160728638666
3990400160728638554
3990400160728638596
3990400160728638890
3990400160728638889
3990400160728638828
3990400160728638854
3990400160728638910
3990400160728638871
3990400160728638921
3990400160728638553
3990400160728638842
3990400160728638655
3990400160728638839
3990400160728638782
3990400160728638861
3990400160728638644
3990400160728638774
3990400160728638926
3990400160728638711
3990400160728638755
3990400160728638871
3990400160728638817
3990400160728638700
3990400160728638662
3990400160728638739
3990400160728638583
3990400160728638874
3990400160728638849
3990400160728638711
3990400160728638569
3990400160728638930
3990400160728638890
3990400160728638724
3990400160728638611
3990400160728638691
3990400160728638601
3990400160728638787
3990400160728638846
3990400160728638608
3990400160728638881
3990400160728638681
3990400160728638545
3990400160728638640
3990400160728638656
3990400160728638602
3990400160728638786
3990400160728638762
3990400160728638913
3990400160728638713
3990400160728638746
3990400160728638926
3990400160728638701
3990400160728638712
3990400160728638843
3990400160728638734
3990400160728638930
3990400160728638787
3990400160728638714
3990400160728638638
3990400160728638858
3990400160728638864
3990400160728638813
3990400160728638856
3990400160728638724
3990400160728638571
3990400160728638657
3990400160728638713
3990400160728638736
3990400160728638675
3990400160728638852
3990400160728638827
3990400160728638603
3990400160728638815
3990400160728638880
3990400160728638764
3990400160728638920
3990400160728638681
3990400160728638668
3990400160728638714
3990400160728638753
3990400160728638591
3990400160728638600
3990400160728638916
3990400160728638839
3990400160728638862
3990400160728638791
3990400160728638627
3990400160728638724
3990400160728638819
3990400160728638618
3990400160728638844
3990400160728638856
3990400160728638834
3990400160728638680
3990400160728638732
3990400160728638710
3990400160728638697
3990400160728638730
3990400160728638720
3990400160728638708
3990400160728638796
3990400160728638845
3990400160728638774
3990400160728638575
3990400160728638627
3990400160728638858
3990400160728638743
3990400160728638643
3990400160728638704
3990400160728638856
3990400160728638726
3990400160728638854
3990400160728638718
3990400160728638611
3990400160728638690
3990400160728638711
3990400160728638709
3990400160728638875
3990400160728638867
3990400160728638742
3990400160728638560
3990400160728638803
3990400160728638707
3990400160728638870
3990400160728638814
3990400160728638576
3990400160728638882
3990400160728638808
3991685215983893076
3991685215983893031
3991685215983893196
3991685215983892994
3991685215983893292
3991685215983893107
3991685215983893035
3991685215983893172
3991685215983893065
3991685215983893092
3991685215983892982
3991685215983893300
3991685215983893067
3991685215983893044
3991685215983893048
3991685215983893088
3991685215983893274
3991685215983893010
3991685215983893274
3991685215983893056
3991685215983893249
3991685215983893041
3991685215983893193
3991685215983893328
3991685215983893106
3991685215983893182
3991685215983893015
3991685215983893195
3991685215983893148
3991685215983893173
3991685215983893186
3991685215983893147
3991685215983893132
3991685215983893087
3991685215983893314
3991685215983893332
3991685215983893048
3991685215983893070
3991685215983893250
3991685215983893217
3991685215983893319
3991685215983893196
3991685215983893204
3991685215983893285
3991685215983893287
3991685215983893314
3991685215983893263
3991685215983893313
3991685215983893121
3991685215983893129
3991685215983893152
3991685215983893104
3991685215983893017
3991685215983892960
3991685215983892986
3991685215983893290
3991685215983893097
3991685215983893147
3991685215983893292
3991685215983893096
3991685215983893194
3991685215983893025
3991685215983893301
3991685215983893214
3991685215983893163
3991685215983893243
3991685215983893108
3991685215983893039
3991685215983893080
3991685215983893164
3991685215983893159
3991685215983892974
3991685215983893020
3991685215983892973
3991685215983893179
3991685215983893007
3991685215983893219
3991685215983893105
3991685215983893073
3991685215983893029
3991685215983893055
3991685215983893010
3991685215983893346
3991685215983893230
3991685215983893142
3991685215983893210
3991685215983893199
3991685215983893105
3991685215983893255
3991685215983892995
3991685215983893046
3991685215983893022
3991685215983893064
3991685215983893142
3991685215983893218
3991685215983893079
3991685215983893218
3991685215983893135
3991685215983893044
3991685215983893012
3991685215983893054
3991685215983893339
3991685215983893230
3991685215983893003
3991685215983893070
3991685215983893081
3991685215983892965
3991685215983893221
3991685215983893227
3991685215983893175
3991685215983893003
3991685215983893198
3991685215983893264
3991685215983893214
3991685215983893042
3991685215983893238
3991685215983893277
3991685215983892977
3991685215983893171
3991685215983893102
3991685215983892959
3991685215983893200
3991685215983893144
3991685215983893131
3991685215983893152
3991685215983892991
3991685215983892987
3991685215983893227
3991685215983893215
3991685215983893180
3991685215983893235
3991685215983893335
3991685215983893229
3991685215983893152
3991685215983893226
3991685215983892952
3991685215983893206
3991685215983893138
3991685215983893160
3991685215983893020
3991685215983892960
3991685215983893119
3991685215983892985
3991685215983893218
3991685215983893295
3991685215983893266
3991685215983893089
3991685215983893107
3991685215983893060
3991685215983893101
3991685215983893156
3991685215983893091
3991685215983893211
3991685215983893330
3991685215983893149
3991685215983893216
3991685215983892989
3991685215983893345
3991685215983893295
3991685215983893294
3991685215983892971
3991685215983893094
3991685215983893280
3991685215983893134
3991685215983893302
3991685215983893094
3991685215983893125
3991685215983892990
3991685215983893282
3991685215983893011
3991685215983892969
3991685215983893006
3991685215983893020
3991685215983892980
3991685215983893256
3991685215983893024
3991685215983893016
3991685215983893205
3991685215983893220
3991685215983893033
3991685215983893038
3991685215983893228
3991685215983893128
3991685215983893062
3991685215983893154
3991685215983892957
3991685215983893286
3991685215983893022
3991685215983893092
3991685215983893182
3991685215983893239
3991685215983893181
3991685215983893306
3991685215983893115
3991685215983893332
3991685215983893033
3991685215983893076
3991685215983893332
3991685215983892953
3991685215983893094
3484317797267382043
3484317797267381874
3484317797267381757
3484317797267381738
3484317797267381662
3484317797267381970
3484317797267381833
3484317797267381835
3484317797267381801
3484317797267381700
3484317797267381965
3484317797267381902
3484317797267381842
3484317797267381864
3484317797267381834
3484317797267381818
3484317797267381672
3484317797267381941
3484317797267381806
3484317797267381927
3484317797267381923
3484317797267381970
3484317797267381936
3484317797267381656
3484317797267381804
3484317797267381971
3484317797267381938
3484317797267381813
3484317797267381723
3484317797267381681
3484317797267381814
3484317797267381774
3484317797267381931
3484317797267381990
3484317797267382013
3484317797267381756
3484317797267381714
3484317797267381696
3484317797267381685
3484317797267381964
3484317797267381741
3484317797267382032
3484317797267381872
3484317797267381999
3484317797267381826
3484317797267381789
3484317797267382050
3484317797267381675
3484317797267381875
3484317797267381764
3484317797267381843
3484317797267381814
3484317797267381824
3484317797267381678
3484317797267381975
3484317797267381813
3484317797267381990
3484317797267382005
3484317797267381897
3484317797267381756
3484317797267381764
3484317797267381969
3484317797267381686
3484317797267381700
3484317797267381994
3484317797267381897
3484317797267381904
3484317797267381735
3484317797267381915
3484317797267381755
3484317797267381996
3484317797267381891
3484317797267381925
3484317797267382049
3484317797267381851
3484317797267382013
3484317797267381824
3484317797267381749
3484317797267381999
3484317797267381721
3484317797267381954
3484317797267382001
3484317797267381738
3484317797267381923
3484317797267381893
3484317797267382019
3484317797267381881
3484317797267381731
3484317797267381710
3484317797267381755
3484317797267381984
3484317797267381862
3484317797267381761
3484317797267381742
3484317797267381783
3484317797267381971
3484317797267381688
3484317797267381819
3484317797267381892
3484317797267382002
3484317797267381882
3484317797267381916
3484317797267381698
3484317797267381874
3484317797267381987
3484317797267381852
3484317797267381754
3484317797267381738
3484317797267381944
3484317797267381984
3484317797267381743
3484317797267381984
3484317797267381947
3484317797267381725
3484317797267381695
3484317797267381929
3484317797267382011
3484317797267381737
3484317797267382022
3484317797267381818
3484317797267381972
3484317797267381952
3484317797267381991
3484317797267381739
3484317797267381674
3484317797267381771
3484317797267381893
3484317797267382025
3484317797267381900
3484317797267382031
3484317797267381723
3484317797267381733
3484317797267381697
3484317797267381887
3484317797267381963
3484317797267382007
3484317797267381939
3484317797267381936
3484317797267381769
3484317797267381728
3484317797267381905
3484317797267381726
3484317797267381792
3484317797267381916
3484317797267381933
3484317797267381956
3484317797267381778
3484317797267381920
3484317797267381974
3484317797267381785
3484317797267381780
3484317797267381692
3484317797267381853
3484317797267381735
3484317797267381932
3484317797267381791
3484317797267381931
3484317797267381945
3484317797267381994
3484317797267381667
3484317797267381870
3484317797267381959
3484317797267381673
3484317797267381882
3484317797267381918
3484317797267381716
3484317797267381754
3484317797267381974
3484317797267381874
3484317797267382045
3484317797267381937
3484317797267381745
3484317797267381996
3484317797267381683
3484317797267381996
3484317797267381661
3484317797267381656
3484317797267381714
3484317797267382027
3484317797267381924
3484317797267381724
3484317797267381858
3484317797267381805
3484317797267381937
3484317797267381758
3484317797267381697
3484317797267381876
3484317797267381985
3484317797267382014
3484317797267381926
3484317797267381696
3484317797267381913
3484317797267381741
3484317797267381803
3484317797267381687
3484317797267381735
3484317797267381859
3484317797267381665
3484317797267381823
3484317797267381657
