1000 62
681820143647813 4608446714329022617
3184124066148766204
3184124066148766100
3184124066148765996
3184124066148765906
3184124066148766183
3184124066148765781
3184124066148765268
3184124066148766099
3184124066148765715
3184124066148766033
3184124066148766204
3184124066148765494
3184124066148765903
3184124066148765292
3184124066148766161
3184124066148765399
3184124066148765354
3184124066148765619
3184124066148765719
3184124066148766128
3184124066148765491
3184124066148765628
3184124066148765795
3184124066148765343
3184124066148765826
3184124066148765494
3184124066148765252
3184124066148765987
3184124066148765460
3184124066148765656
3184124066148765525
3184124066148765425
3184124066148766177
3184124066148766127
3184124066148766023
3184124066148765637
3184124066148765402
3184124066148766019
3184124066148766055
3184124066148765312
3184124066148765381
3184124066148765871
3184124066148765871
3184124066148765694
3184124066148765368
3184124066148765374
3184124066148765240
3184124066148766234
3184124066148766131
3184124066148765244
3184124066148765453
3184124066148766031
3184124066148765459
3184124066148766222
3184124066148765408
3184124066148766132
3184124066148765409
3184124066148765535
3184124066148765560
3184124066148766223
3184124066148765442
3184124066148765791
3184124066148766136
3184124066148765933
3184124066148765879
3184124066148765448
3184124066148765425
3184124066148766202
3184124066148766230
3184124066148765946
3184124066148765440
3184124066148766228
3184124066148766227
3184124066148766154
3184124066148765631
3184124066148765544
3184124066148765261
3184124066148765608
3184124066148765663
3184124066148765408
3184124066148766197
3184124066148765388
3184124066148765509
3184124066148765305
3184124066148765578
3184124066148765547
3184124066148766076
3184124066148765856
3184124066148765839
3184124066148765242
3184124066148765849
3184124066148765933
3184124066148765963
3184124066148765585
3184124066148765306
3184124066148765556
3184124066148765602
3184124066148766077
3184124066148765552
3184124066148765731
3184124066148765952
3184124066148765562
3184124066148765428
3184124066148765731
3184124066148765722
3184124066148765960
3184124066148765419
3184124066148765297
3184124066148765501
3184124066148766237
3184124066148766200
3184124066148765262
3184124066148766211
3184124066148766006
3184124066148765605
3184124066148766104
3184124066148765652
3184124066148765257
3184124066148765801
3184124066148766045
3184124066148765667
3184124066148765613
3184124066148765624
3184124066148765831
3184124066148766100
3184124066148765248
3184124066148765702
3184124066148765286
3184124066148765963
3184124066148765424
3184124066148765877
3184124066148766217
3184124066148766216
3184124066148765440
3184124066148765360
3184124066148766012
3184124066148765490
3184124066148766190
3184124066148766078
3184124066148766203
3184124066148765712
3184124066148765591
3184124066148765763
3184124066148765602
3184124066148766153
3184124066148765776
3184124066148765495
3184124066148766033
3184124066148765712
3184124066148765349
3184124066148765842
3184124066148766005
3184124066148766038
3184124066148766055
3184124066148765615
3184124066148766119
3184124066148765541
3184124066148765276
3184124066148765682
3184124066148766207
3184124066148765332
3184124066148765452
3184124066148765587
3184124066148765764
3184124066148765864
3184124066148765610
3184124066148766179
3184124066148765390
3184124066148765587
3184124066148765521
3184124066148766185
3184124066148765958
3184124066148765797
3184124066148765333
3184124066148765558
3184124066148765941
3184124066148765563
3184124066148765552
3184124066148765420
3184124066148766056
3184124066148765319
3184124066148765880
3184124066148765391
3184124066148765977
3184124066148765944
3184124066148765555
3184124066148765734
3184124066148765404
3184124066148765976
3184124066148765288
3184124066148765321
3184124066148765854
3184124066148765785
3184124066148766184
3184124066148765654
3184124066148765271
3184124066148765482
3184124066148765997
3184124066148765847
3184124066148765591
3184124066148766085
3184124066148765495
3184124066148765705
3184124066148765905
3184124066148765670
3184124066148765388
3184124066148765296
3184124066148766177
3184124066148765892
3184124066148765272
3184124066148766059
3184124066148765744
3184124066148765581
3184124066148766097
3184124066148765451
3184124066148765372
3184124066148765988
3184124066148765816
3184124066148766211
3184124066148765374
3184124066148765884
3184124066148766157
3184124066148766045
3184124066148765662
3184124066148765348
3184124066148765411
3184124066148765683
3184124066148765620
3184124066148765391
3184124066148765299
3184124066148766104
3184124066148765669
3184124066148765540
3184124066148765383
3184124066148765703
3184124066148766183
3184124066148765874
3184124066148766111
3184124066148765412
3184124066148766238
3184124066148765773
3184124066148765703
3184124066148766222
3184124066148765738
3184124066148765944
3184124066148765986
3184124066148765564
3184124066148765729
3184124066148765519
3184124066148765537
3184124066148765720
3184124066148765652
3184124066148766162
3184124066148765389
3184124066148765354
3184124066148765625
3184124066148766080
3184124066148765783
3184124066148766221
3184124066148765422
3184124066148765881
3184124066148766198
3184124066148765750
3184124066148766127
3184124066148765585
3184124066148765423
3184124066148765330
3184124066148765742
3184124066148765517
3184124066148765766
3184124066148766039
3184124066148765800
3184124066148766127
3184124066148765753
3184124066148765608
3184124066148765303
3184124066148766043
3184124066148766053
3184124066148766032
3184124066148765603
3184124066148765950
3184124066148765840
3184124066148765918
3184124066148765274
3184124066148766016
3184124066148765552
3184124066148765611
3184124066148765811
3184124066148765960
3184124066148765923
3184124066148765526
3184124066148766094
3184124066148765736
3184124066148765510
3184124066148766027
3184124066148765946
3184124066148765972
3184124066148765539
3184124066148766218
3184124066148766207
3184124066148765587
3184124066148765904
3184124066148765421
3184124066148765833
3184124066148766111
3184124066148765250
3184124066148765724
3184124066148765799
3184124066148766031
3184124066148765495
3184124066148765572
3184124066148765926
3184124066148765519
3184124066148765713
3184124066148765534
3184124066148766075
3184124066148765751
3184124066148765901
3184124066148765928
3184124066148766055
3184124066148765604
3184124066148765595
3184124066148765519
3184124066148765898
3184124066148765592
3184124066148765994
3184124066148766199
3184124066148766087
3184124066148765657
3184124066148765597
3184124066148766183
3184124066148766102
3184124066148765415
3184124066148766129
3184124066148766126
3184124066148765943
3184124066148765699
3184124066148766238
3184124066148765612
3184124066148766218
3184124066148765581
3184124066148765769
3184124066148765384
3184124066148765781
3184124066148765409
3184124066148765442
3184124066148766095
3184124066148765609
3184124066148766198
3184124066148766113
3184124066148765727
3184124066148765528
3184124066148765947
3184124066148765319
3184124066148765975
3184124066148765925
3184124066148765986
3184124066148765665
3184124066148765414
3184124066148765870
3184124066148766038
3184124066148766197
3184124066148765833
3184124066148765767
3184124066148765920
3184124066148766197
3184124066148765669
3184124066148765548
3184124066148765877
3184124066148765805
3184124066148766032
3184124066148766126
3184124066148765891
3184124066148765516
3184124066148765976
3184124066148765267
3184124066148765439
3184124066148765402
3184124066148765839
3184124066148765690
3184124066148765878
3184124066148765904
3184124066148765424
3184124066148765463
3184124066148766016
3184124066148765941
3184124066148765423
3184124066148765885
3184124066148765974
3184124066148765281
3184124066148765721
3184124066148765470
3184124066148765408
3184124066148765294
3184124066148766152
3184124066148765375
3184124066148765352
3184124066148765563
3184124066148766230
3184124066148765424
3184124066148765733
3184124066148765437
3184124066148765800
3184124066148765275
3184124066148765664
3184124066148765715
3184124066148765598
3184124066148765628
3184124066148765917
3184124066148765865
3184124066148765312
3184124066148765843
3184124066148765448
3184124066148765482
3184124066148765974
3184124066148766163
3184124066148765621
3184124066148765239
3184124066148765597
3184124066148765654
3184124066148766213
3184124066148765524
3184124066148766115
3184124066148765658
3184124066148766126
3184124066148765356
3184124066148765944
3184124066148766090
3184124066148765799
3184124066148765621
3184124066148766226
3184124066148765275
3184124066148765802
3184124066148765867
3184124066148765547
3184124066148765336
3184124066148765541
3184124066148765797
3184124066148765763
3184124066148765586
3184124066148766212
3184124066148765833
3184124066148765539
3184124066148766220
3184124066148765599
3184124066148766077
3184124066148765371
3184124066148765668
3184124066148765658
3184124066148766071
3184124066148765816
3184124066148765896
3184124066148765790
3184124066148765617
3184124066148765717
3184124066148765384
3184124066148765399
3184124066148765849
3184124066148765630
3184124066148765816
3184124066148765727
3184124066148766219
3184124066148765442
3184124066148766230
3184124066148765375
3184124066148765862
3184124066148765332
3184124066148765598
3184124066148766079
3184124066148766153
3184124066148765916
3184124066148765239
3184124066148765630
3184124066148765349
3184124066148765572
3184124066148765818
3184124066148766177
3184124066148765868
3184124066148765791
3184124066148765383
3184124066148765572
3184124066148765883
3184124066148766136
3184124066148766151
3184124066148765816
3184124066148765623
3184124066148765678
3184124066148765681
3184124066148765470
3184124066148765744
3184124066148765537
3184124066148765730
3184124066148766234
3184124066148765964
3184124066148765627
3184124066148765632
3184124066148766223
3184124066148766114
3184124066148766174
3184124066148765401
3184124066148765849
3184124066148765847
3184124066148765505
3184124066148765997
3184124066148765547
3184124066148765747
3184124066148765496
3184124066148765664
3184124066148765259
3184124066148765565
3184124066148766206
3184124066148765553
3184124066148765742
3184124066148766190
3184124066148765532
3184124066148765385
3184124066148765727
3184124066148765263
3184124066148765363
3184124066148765914
3184124066148765875
3184124066148766222
3184124066148765693
3184124066148765490
3184124066148765539
3184124066148765279
3184124066148766039
3184124066148765378
3184124066148766085
3184124066148765640
3184124066148765252
3184124066148765730
3184124066148765784
3184124066148765812
3184124066148765519
3184124066148765488
3184124066148766196
3184124066148765724
3184124066148766039
3184124066148765276
3184124066148765490
3184124066148765740
3184124066148765513
3184124066148766103
3184124066148765397
3184124066148765977
3184124066148765531
3184124066148765539
3184124066148765743
3184124066148765861
3184124066148765725
3184124066148765769
3184124066148765899
3184124066148766123
3184124066148765857
3184124066148766140
3184124066148766000
3184124066148766155
3184124066148765360
3184124066148765255
3184124066148766017
3184124066148765368
3184124066148765546
3184124066148765528
3184124066148765785
3184124066148765964
3184124066148765583
3184124066148765867
3184124066148765542
3184124066148765987
3184124066148765781
3184124066148765266
3184124066148765714
3184124066148765597
3184124066148765608
3184124066148765937
3184124066148766001
3184124066148766071
3184124066148765843
3184124066148765374
3184124066148765276
3184124066148765241
3184124066148765497
3184124066148765805
3184124066148765705
3184124066148765941
3184124066148766177
3184124066148765349
3184124066148766148
3184124066148765942
3184124066148765797
3184124066148765434
3184124066148765253
3184124066148765678
3184124066148766036
3184124066148766065
3184124066148765676
3184124066148765848
3184124066148765828
3184124066148765944
3184124066148765964
3184124066148766215
3184124066148765886
3184124066148765903
3184124066148765732
3184124066148766118
3184124066148766172
3184124066148766100
3184124066148765633
3184124066148765726
3184124066148765640
3184124066148765937
3184124066148766111
3184124066148765975
3184124066148765440
3184124066148766159
3184124066148765542
3184124066148765715
3184124066148766088
3184124066148766015
3184124066148765306
3184124066148765549
3184124066148766095
3184124066148765242
3184124066148765950
3184124066148766036
3184124066148765682
3184124066148765835
3184124066148765532
3184124066148765902
3184124066148766038
3184124066148765722
3184124066148766171
3184124066148765557
3184124066148765385
3184124066148765408
3184124066148765728
3184124066148765950
3184124066148765801
3184124066148766149
3184124066148765748
3184124066148766235
3184124066148765577
3184124066148765789
3184124066148765396
3184124066148765674
3184124066148765838
3184124066148765793
3184124066148766070
3184124066148765288
3184124066148765309
3184124066148765989
3184124066148765474
3184124066148765512
3184124066148766078
3184124066148765326
3184124066148766049
3184124066148765303
3184124066148765918
3184124066148766203
3184124066148765265
3184124066148765580
3184124066148765978
3184124066148765678
3184124066148765309
3184124066148765653
3184124066148765957
3184124066148765737
3184124066148765289
3184124066148765365
3184124066148766101
3184124066148765364
3184124066148765463
3184124066148765868
3184124066148765900
3184124066148766083
3184124066148766214
3184124066148765352
3184124066148765968
3184124066148766155
3184124066148765376
3184124066148765538
3184124066148765961
3184124066148766179
3184124066148765687
3184124066148765392
3184124066148765426
3184124066148765864
3184124066148765428
3184124066148765662
3184124066148766060
3184124066148765404
3184124066148765307
3184124066148765876
3184124066148765457
3184124066148765283
3184124066148765807
3184124066148765349
3184124066148765915
3184124066148765627
3184124066148766002
3184124066148765312
3184124066148765525
3184124066148765297
3184124066148765823
3184124066148765828
3184124066148765360
3184124066148765999
3184124066148765647
3184124066148766138
3184124066148765877
3184124066148765376
3184124066148765249
3184124066148765681
3184124066148765332
3184124066148765561
3184124066148765940
3184124066148765853
3184124066148765740
3184124066148765740
3184124066148765600
3184124066148766200
3184124066148765910
3184124066148765622
3184124066148766175
3184124066148765296
3184124066148765380
3184124066148765953
3184124066148765540
3184124066148765393
3184124066148765821
3184124066148765885
3184124066148765933
3184124066148765756
3184124066148765536
3184124066148766171
3184124066148766203
3184124066148765807
3184124066148765802
3184124066148765874
3184124066148765464
3184124066148765508
3184124066148765303
3184124066148765803
3184124066148765480
3184124066148765499
3184124066148766091
3184124066148766007
3184124066148765529
3184124066148765768
3184124066148766237
3184124066148765375
3184124066148766066
3184124066148765479
3184124066148766123
3184124066148765619
3184124066148765703
3184124066148765993
3184124066148765637
3184124066148765422
3184124066148765373
3184124066148765969
3184124066148765258
3184124066148765909
3184124066148765588
3184124066148765326
3184124066148765825
3184124066148765922
3184124066148765275
3184124066148765332
3184124066148766123
3184124066148765366
3184124066148765757
3184124066148765847
3184124066148765703
3184124066148765483
3184124066148765638
3184124066148766136
3184124066148765712
3184124066148765730
3184124066148766225
3184124066148765570
3184124066148765349
3184124066148766054
3184124066148765782
3184124066148765269
3184124066148765794
3184124066148765981
3184124066148765632
3184124066148765293
3184124066148766107
3184124066148765393
3184124066148766206
3184124066148766213
3184124066148765678
3184124066148765936
3184124066148766052
3184124066148765467
3184124066148766006
3184124066148765357
3184124066148765324
3184124066148766235
3184124066148766172
3184124066148765920
3184124066148765742
3184124066148766079
3184124066148765455
3184124066148765382
3184124066148765957
3184124066148765878
3184124066148765623
3184124066148765601
3184124066148766094
3184124066148765479
3184124066148765535
3184124066148765580
3184124066148766191
3184124066148765867
3184124066148765961
3184124066148765596
3184124066148766054
3184124066148765634
3184124066148765626
3184124066148765378
3184124066148765979
3184124066148766090
3184124066148765605
3184124066148765902
3184124066148765542
3184124066148766062
3184124066148765885
3184124066148765682
3184124066148766223
3184124066148766111
3184124066148765609
3184124066148765768
3184124066148765276
3184124066148765845
3184124066148765826
3184124066148765459
3184124066148765996
3184124066148765423
3184124066148765644
3184124066148765303
3184124066148765338
3184124066148765276
3184124066148765272
3184124066148765429
3184124066148765446
3184124066148765439
3184124066148765279
3184124066148765740
3184124066148766149
3184124066148766198
3184124066148765731
3184124066148765916
3184124066148766017
3184124066148765595
3184124066148765239
3184124066148765676
3184124066148765720
3184124066148765546
3184124066148766150
3184124066148766196
3184124066148765873
3184124066148766182
3184124066148765677
3184124066148765570
3184124066148765715
3184124066148765711
3184124066148765341
3184124066148765435
3184124066148765397
3184124066148765908
3184124066148765401
3184124066148765311
3184124066148765622
3184124066148766128
3184124066148765633
3184124066148766128
3184124066148766140
3184124066148765719
3184124066148765394
3184124066148765804
3184124066148765499
3184124066148765351
3184124066148765523
3184124066148766077
3184124066148765404
3184124066148766007
3184124066148765532
3184124066148765927
3184124066148765479
3184124066148765272
3184124066148765732
3184124066148766156
3184124066148765271
3184124066148765591
3184124066148766185
3184124066148766009
3184124066148765616
3184124066148765562
3184124066148766199
3184124066148765299
3184124066148765943
3184124066148765261
3184124066148765928
3184124066148765706
3184124066148765722
3184124066148766108
3184124066148766207
3184124066148765398
3184124066148765359
3184124066148766043
3184124066148765923
3184124066148765571
3184124066148765537
3184124066148765703
3184124066148765929
3184124066148765484
3184124066148765985
3184124066148765406
3184124066148765273
3184124066148765444
3184124066148765970
3184124066148765264
3184124066148765827
3184124066148765475
3184124066148765911
3184124066148765319
3184124066148765871
3184124066148765649
3184124066148766172
3184124066148766235
3184124066148765962
3184124066148765611
3184124066148765935
3184124066148765558
3184124066148765427
3184124066148765718
3184124066148765609
3184124066148765528
3184124066148765307
3184124066148765988
3184124066148765974
3184124066148765718
3184124066148765406
3184124066148766033
3184124066148765485
3184124066148765418
3184124066148765927
3184124066148765452
3184124066148766202
3184124066148765283
3184124066148765900
3184124066148765862
3184124066148765679
3184124066148765982
3184124066148766237
3184124066148765516
3184124066148765245
3184124066148765712
3184124066148765301
3184124066148765702
3184124066148766036
3184124066148765936
3184124066148765659
3184124066148765412
3184124066148765285
3184124066148765273
3184124066148765800
3184124066148766094
3184124066148766096
3184124066148765770
3184124066148765817
3184124066148765597
3184124066148766201
3184124066148765335
3184124066148765972
3184124066148765311
3184124066148765481
3184124066148766159
3184124066148766061
3184124066148765741
3184124066148765333
3184124066148766197
3184124066148765721
3184124066148765294
3184124066148765938
3184124066148765488
3184124066148765898
3184124066148765290
3184124066148765748
3184124066148765645
3184124066148766039
3184124066148765300
3184124066148765288
3184124066148765500
3184124066148766092
3184124066148765656
