1000 62
1093364514995140 4609422966894900284
4355693531291048099
3501332431411006491
1936491312797304342
4499683446528355980
3595351650018309042
2456465800505386285
942879118058144418
2927771633508938553
205885137275371228
84900575075500574
3188523523289869369
3838582409066994037
922339758513678163
2733718890569102525
1751054707714499914
2620907556354756381
4605802032986203332
3628046829441664965
4429312077870837591
3728899534754066264
3386119678237226648
797522772177488271
995490176340344085
1509850272548520931
3417468422138387897
4328714280100837766
2845681687967431596
1555007925454111054
2093127519016498388
113462070831833083
1840213685134491965
3730437693259113735
3171234052040985129
3258379059010886734
3538912189886113601
1192115554264271592
1895266987353122348
4437381011547756730
3364096248578112588
3812942422752975955
3822391526262478403
14616720087486472
3054203941769817934
1667438003399637585
844873835221816235
299382633494410049
649818603336575745
4178176376400369238
2593581584790463108
2477782693016968451
1702728388339500943
2677400348002097353
1544640994954953352
2353953202029541355
2716216447229149694
4579345736410248483
1053222873181261483
2877737545663048291
3166775347160377356
2383511480615262220
2337738763965812339
3981319666769054230
2078708414087976424
3664587481389647093
325825277789635668
4110566513671711980
3935290249166253534
4158311459018759591
283160058374947927
3931917793397951630
1159223992439107733
1956569534056399604
437558356910211901
652340250075421332
705091367193778608
2747456223547045118
1459205624363249641
1202645892559702648
2006916608941170566
4250614012997134428
345169717558086856
1848432558635913424
913347779354457716
4541134163447759486
3597673508609208651
158643836224201537
3710790462599239248
2595011547525894325
1447749354329849316
1246475482042404166
3959044079736518892
2458355589412626155
889180137225524857
3497813539734918102
602496162159748425
372628453728982581
1226865401400236701
1536176095881139011
2471955375721878891
3064312994039427125
2354645935936794752
3125354227211981676
1050661169429016302
2169240334369625560
4508318086547623508
2958174823105283119
3750213173559750472
3507004964033318347
1358864489755312111
1153080628113635247
1057822623670799973
706986562399188116
3365532822353215536
2725991664715391312
1054379973668844638
993640195493819175
421985230316489478
2727701082903452978
134183061903382762
3814181961425521557
1733275370058087296
1494369254668471285
4158897956555405467
1466006655673940054
4013115311796737717
2900379184970683756
1914906848614551644
2927649011121570591
251452640085708031
2953796634342382239
3608820081685496564
3676022558206143672
592066486179100139
2927032804696133419
4204547849058555232
2306422452319829406
4325024562424919300
3281924684268829484
1689931553185166782
1916957117573919285
1837442389857048790
3324689779224925838
824706014927496075
834608530897615012
3125651199613350241
2097636759819254364
378640237914057317
1723044437070059499
2267548781455403408
931077447247912926
848955388749480018
2030575433824517694
3705707894388753004
2472452337193717409
198432342710924482
91467838172718772
3312955694693261000
4324234064266943257
930956070698373244
3026128948225640918
1656207954939582553
1379474607533564358
1305459248039338706
2818873516904766812
1164910232764293284
1906845043789750389
1894795666782768986
2757109180750597823
447875861705387817
2280911229439675439
4120034093920449792
3967630962621785341
2307870468064736320
4052738676203436504
100226040211446373
1581970708659111284
4480558391655809827
174422970848187515
1277398247316944023
2554083919095204648
1588026896282374653
823160407945982163
4482528394265270635
1637869002219456057
2926037598991875917
2081997116548216847
2886776000317103993
3107828995602314856
2024245929359144704
3400566186014858586
1880131201860954698
2755186839862264326
2763010463729674716
1523504719159500284
4286823723342095838
783739492924538956
1136724314732952205
3479034807700967005
1436809712529074906
3936100608874317126
4565807422808562264
3630386079841892881
3541559600607482111
833809351443565984
2353656250775201439
931988896405913669
772180130980258292
756392938389236852
2222743109767229375
3663892132262048523
4041026333819654849
4500696757368040447
1955494443576250624
3977676054943958422
2561076213756217496
3494269931485862826
284157269776697160
2234262163441739799
2401736481331238749
1594280634118053493
1368844750343860922
1848799590067126724
2869719886470454932
4117281194775388846
1549338022317582284
3292332682312012756
3873507646319734098
1123406793671639334
1927179553032214945
1889147109162948403
222750377672149386
121896032677971525
2733923724797931333
693446062781223747
3447025635910244420
4032174006729583861
2985493389614830528
1142782993790098445
3230142551886780777
3130090953503621691
1043120684978884842
3526885114823288759
1834337464384113118
4144874020985741063
1820335080811052678
3099147088550599064
624844047440125487
2283996291898453143
2682949829307674203
191627699556607895
1439629970389815583
3664607345266587253
2492696548334383626
1643153683906889270
677114031441108425
93414970057790828
3792096542156967140
2800850722698281323
4261850491755826860
2392089443608419934
1564485961848128494
2497877998009486669
909702001361798476
643369777585151692
617955828739925647
4081190206515373553
1513912831610570124
1490747332477936311
858266504590863456
2543765302514829913
2807624749673406905
2188093054302052224
3080102909272296872
632300684131285078
4315953658840933344
458792498531798540
2738200136217154626
3282151499807787108
3620718909686796452
3686726103103217570
4460644105405332172
2393666482399491601
2386709238533185153
2252600621962733574
3713315146384868518
2291329970099175999
2481930753258078721
669057237248727021
1366719937437922156
4237138994163442340
1499128126130536755
4064568335440502882
2857048921575809286
3696321765234586275
1068407303852588327
1901759419504997980
629275846195346039
2099421216362992507
2964116576609128074
414873397551404566
214751721735759428
4560592628061764307
4079381002894003137
2532502159442742991
1592766896456902541
2048189566508141727
2151056847758630319
4148801078482817480
2174287814040081269
2616131237113584047
3593365630272043253
4166168615046842818
2378476423997684723
4577863517461450911
1023292835748078411
1972396874838320366
727284795235668227
142149020965728401
48214378576950452
4430893535608889377
2649094955461214897
1806713615172574470
1476365997213595767
280914307014126972
3571951715477546948
2344292163667771357
733428252613692269
2798385421330477984
133199343606113523
1189125638686188298
3989199911753110843
1753463859757072203
4608568971800759087
1201913567930224022
2575818471885441635
1770209772981369855
4127591444069969355
3041914080874168700
2471616203950217400
2396626200970091923
2263654031840461456
1616640707956225675
3951973949432158743
646414090089143144
2463516686258207461
666704224650837124
1637872245968181174
890674808616228721
541495965361148755
1875540551989492180
3948542427350238437
414181914969600120
915715899867589079
2884032679061518968
1167923434702056275
306087259018237963
4114390523725180817
2490213472013795884
2305921156531809214
3001415538923967991
2783979075578234430
536454907412958674
2407365769970848777
2400844018457509958
3506570973571257793
1080389500537029835
867536189111022246
1894585071082614574
3607188991978990035
4437847782271367253
1196487948205085703
279176402708616139
1844436404150681102
3590091769075687773
2990405208672393394
3776997655019644611
1165527561521514214
598254415264941192
2771587669546218697
3851571611195629749
2940404594319999885
2514931244287200547
79425758615126831
1123996903582751196
2924830625650501607
4167246389230691999
2578968058311391157
4188721927554955845
3358833049808851050
3509748799151123750
720994368657938669
517436725298359976
449419318232607288
4539490261835839673
2323538321685631345
2263091956088363560
3123484496429868068
3413891080527837559
2835156403999416628
3140112441842677765
268144850643502978
2307000606616360925
2039583519741516481
1230467455085842081
1040040482243376263
1884747579701347126
615874311093132457
2004983358395953359
3985325287513598031
4488765638604374840
2028540959522029430
1848229967233222183
4552797956328891342
2169537449906019149
4170750487075350322
3386455649917609177
1741607558958426921
4447124328434385715
670475424866713054
3756775184442195559
76368165814964519
3511490381763347180
704784829487579176
3925440634624159803
3245024568859246220
59041061961283697
2910453633217871602
2605665835177936855
3794833492103102804
4173781234537288220
1207742270901190606
4096867918831027079
1294286588986368814
2331149794740304815
88598018340450411
3912351534571689359
334345309295436155
3881822732543659045
2596886302908650221
169070982461384661
834501686932559751
830392416956024419
44441563550054644
2479936078524944465
2508366215456528889
3582900258510180908
4461567497364279368
1334578105691425956
1367460049152781997
3392042094915658271
1172463124156926398
3808433435059094598
2649661985348100583
3880768968206658361
2524207249819853334
3098162085167237179
1987307191289053374
3706915534943805473
3921063908895854979
594365105553309602
1901302389506634823
1379847295548097409
952451612665764385
1436197310652695948
912674455635972516
1728782648223443336
27633316359882841
3944707379044766310
469215221335701832
2013251602939531844
3891149087236691482
433819357974462315
1651368386243617201
439725416943183125
1975829128704888670
1141745722203602826
4125548989576644500
4592883001678914284
3625548040660793140
4419755070486718743
1375513966202562388
1541441545532725487
2376028656877134749
948710736780644636
3199390329241577507
520555857104934496
2765759052736908824
929334431442179675
2493424809397575333
2272171636877528718
1368165836818313314
2364099263276049236
3760533572620902398
538920693560459315
2491806603757415483
4428574001679328995
2820479943661009721
4531686751833283877
4600231994404827214
2228943356966594367
1624778119416188315
4160788887112070905
1378244295934754310
1245776428472655996
1966245828758202221
4430972127652684354
1092112628903156592
2075515441922964319
461454613605956002
1587191633213228695
1071179243293826997
2839536538270861922
3021954478931281799
2031599626201148013
2584135837029073543
2481772043718134841
3498208602340446555
1122081857109459301
3200724391921977123
1045935751058057937
1321515939402709334
3200525525105801872
846890980426570555
2766884036368135025
2296178874597783767
3336617894698909587
722353661836706167
3431621941427588922
865717463469766050
3032843845629716827
73444311304033081
1034973941432326342
1161221846061035370
2500270040638655717
840000247973855992
4386502891114434170
3862020322811126624
2777113116411832439
2023538905809699424
2791651362691780088
1227851515001263226
1013357832997627405
2218972623479925362
2531759162728300534
184339350149125002
2414170414637362102
1162820418414173791
637102440836774747
3349397928494014242
4108892151371364696
1219432731133514491
685729058899671434
4464771367301897463
3367371412248527848
2696389852453849639
1435198889268775635
3741369244912276774
1338713043564722979
2723591922085967786
89451730345672201
1222810555238541529
932880408154994899
280078753535864344
3984071453061077192
2546229749309144540
3413976908104964265
3745923155652177295
4261084499172153141
914835503224939101
3287375998464888549
4371084578175423055
973438627678014325
1073630215661282222
374270810788982438
3895902433969081440
2338040048351722830
3827102513016066227
3308831424791275801
3147346368657244774
2195715231794162066
1331610288291375204
3149755502743261182
1046866940914305491
1120475172925507219
4429579538314023187
1929659940146107523
3663934586904765115
2101124916546014200
2290660377559938463
3034936651295747947
2261315157635888166
3408495887899321864
3984415580506212672
3678815356942250764
1110588556918789237
4503566876404164052
2457629347868105805
1154902905476197325
110148482808847853
3824167143135081092
4231657099430909004
3477372368431456837
1423061663859315195
975234368907140717
2348162833581100882
4283622496450591429
2106310205634738317
2300994918007044958
3901211759447290789
1465638936318659981
1651469869378072028
701504950877352846
1484487546554019405
3465066382649236194
198977655425052049
2000207928838830085
2173606444088933532
373137175721400336
1754647692904039217
712236267247023490
3672406435980339035
4288378634832170587
445926683079727864
827201236763777498
872447304925820033
414862790237010836
192317202364200664
4302051317613837561
1537518720893719521
1228565961533013349
4569203595821603102
2568070248114787597
2393028419316600805
2577824457072487651
1615541184535963762
771659390716348398
3325243278036913795
2383950851279994085
2326818397927002169
3544194988251233669
124222056916006447
2083701744062333686
649876286995304678
2212027569865612254
1283828017165919190
4247398194818667280
761571077643200263
1411920466817323076
279105366191108847
3739039776226975240
3848489740528778184
1267795789463323677
1285987633254960589
1866918763201412852
3663303496488268458
1644558249848884398
2747100438273727567
1326339827365754263
4539027736051856317
2691094255045022264
2757189881679408056
202009128718358245
950368251017447893
3436926944224789125
4091423340180747178
480210054413900346
1474834445873414080
1220887587438264369
1037792797852260365
4014864706742183579
3660039688652719655
1956967581918590207
2127538080210727675
347795092591174640
1547447668332061221
2150128259092439374
3785669274554861595
2524344153089676207
3675939524066884203
4556123762853967830
1721563089115903895
146387889603493074
4505208015506050563
3633461102620104469
3101357757692190815
2245722550530276271
711246829434581166
1741290399233223087
1597682053870361740
3549187342960872610
3325454014003713001
2146449644059851511
3145512294134524855
477756734080256184
407671146584840470
4327201473459392608
598370275985502715
848411533363111103
3688834457159733048
2778989919419712492
2471103976544021726
3248393544923912182
452721571698881942
160723253133241375
2809493875725705373
607514346299086906
3329465518843408739
3606481295750068435
217952095972032285
340687286126443871
930846136115035265
3062576088404665883
317851509532831280
3414102998483261360
684031023938116087
772561978146495221
3085059802154059637
3328265262527228273
1347936531415079378
3726025511476819853
3881739071478187984
3320711443682988486
3149008551836581214
2395989926829367731
3398671859470616567
2274929031326985070
3662129359728065720
2618108552998694589
769971842216493451
3816613377525773720
1164690299471180129
2166123046984182826
911507501246623265
434574113151707465
1880721068773305902
3132860197731689610
2730544673796934700
325139453060113230
343924899621514254
3850720735232465196
1510899352547200557
1700519996900326609
2147560988324036364
4227379239348842578
3332463789469055449
4206988077645611004
3271346759903075674
128664996751402129
4507845391442361085
1516225585653905984
367714228713099576
2122201237152168266
1598554133494534694
1846999019456649222
4085859821887007060
2241468142245933373
2996665728453746845
677719140303583314
1729624742953409900
3352486761297703592
4494918798485126201
3125712294235230029
1801265026109097501
4559448911640632530
1525324973971794776
2474330134518375973
2781045391460821930
3656369704802623197
2355513392276942427
135284556259137906
4220034811733195104
3279251793964696090
1929046307632330239
4390318918755072917
3095284536501457096
1335868422406695776
500369971104630576
1025843694342152816
2359378449448617944
498337598183753416
3493237163899935508
2992780366362998850
2848393531583730376
458784390207525406
3031179165277402259
611235898385454765
2714334250736680447
3778455843068991285
3143141882540916445
250936772392507468
2790210262578510712
3486579457730497740
3760453209503626921
2136197212412073915
389441682524640831
2220603849663999653
2071151404566137562
3498982726714372736
2760136560653413663
3321320427343520650
4097686276749703683
1576056689700312017
1350176461920487194
4030543525730456889
3153411806245689367
4516637045751383909
1028565921759760478
3961748719156591926
1060374152720717248
2034378078709042032
4028523301507821410
500001719720463040
1503998597503806237
2693752382792509218
445720117824431594
2012960818701565387
3900944303585882776
194052660523882418
507409863290145609
321669977944578649
3127920986296868613
4325379638208210398
2455839468666119457
1684880731664793000
3610513225486148373
551294141839081412
326017491776030844
3013148777676993683
1104475903047593771
864016722554791783
1704952103949096407
2074271829683803565
2805616008808696669
542302109019152368
2894838961991842112
579402380327769878
4087569316038168399
2130028317437992323
537826281709212110
823337523708959580
1846789557828786984
2101157507087990867
1707358938781854116
529875918320271139
498475498675789900
806338857161059576
3004655440607728805
3294936513985683873
3527470923614535239
824371823976373025
4513421439458090855
3170119698567837170
1647485824422122980
2211000072993538250
4026854056166897843
2554125528981169927
2802166322669209116
3090180891310760407
3774727443854393975
3360703759508493146
2913577631818781493
3415309963233417339
2789400814837934246
2787420972528112385
1169129760133663867
1539666340837937304
1404140685679329820
1486021572184236368
2341657777756080948
3283083176851081393
2907324066205694831
2557478993429938116
4363260174490442207
712623028077012059
1420577202544110628
3258265048984491699
4147562192552047417
990807714552067591
1437064162147848472
2913134628845678633
4423355920957927112
322569827390322892
432328556093198675
3376521580772595876
3277083526877228249
3454416515128145832
1702949048707942301
3462915290253550024
575344431076315162
2807635861797109448
2253655842583221300
2137544445349395121
2679707585524481509
1801647053084776376
2054592680019435366
2458391339334378720
1497611945183764677
695412574080153838
4052358362562051285
1686777257115785112
1802866176754880748
2554165189519609531
2111592209211527001
1312503697826364806
195530680557356532
4479946779317585204
1696616180600918565
760561133969902795
2188918840800636718
1949915267778376034
4069819192252741904
1521881900001078239
2006740795307604958
4611290685442935252
3223598976408552059
4502771609797467342
2873653886347809161
2930731448818736139
826400458089749367
3117462414268666819
2417183366585333671
2978690368997081065
2082566021886305270
2421118197616165079
3836553898014953609
110537030465231517
1497464452371797256
2682003003702670124
1068118895974482529
3971775149177494498
2566989292465805569
4557739337538032413
2594576805251173792
2360305787005967438
1589867960961737172
1317248591120177738
872542875643679313
3291456272123179677
1773356566791860797
1383960287153087852
4437720802630621045
348226341561067361
728567239198080497
650444470558003124
4350428648958012377
4466490317812146097
3018442395170139096
1572015393039146327
3667881899457960008
3560288491258694564
4155451067602723566
3441547255179543871
3397023846662180770
3254976698635316699
2190496901241116974
4075455202962389877
1800695079382901081
1241975444569322869
415667144642764990
3357951460704096371
3110123741460110440
4411438659325919012
4096169907416493164
1508217011917339876
1921864031672552486
3692306332604553379
4297348941237474265
2903646051541141579
1275803973224710315
1561591916276849992
1214154979317069083
2160603022066150936
4317185739183525017
2869342579086328066
2848356799378485299
1906744639882892294
3140246088346744526
3923998764858792923
1650162580428076927
4145047573180657133
3355176785078549940
1903892665839548120
785572105903444579
989823384522435905
1266447331674762070
3663188002483591031
4381393544994534618
4503671664494575371
2681513140159887516
3217115076253399790
2520607761881829297
254215346600648460
558549096096489622
4110479605307336139
2942258115594896843
3092566584628906114
3581677093765067558
2565929428758674887
3775860355552717753
3055480560037056595
