1000 62
1 4611686018427387890
3707335824179062407
3707335824179062397
2059547392769292700
2059547392769292695
2484285324360298278
2484285324360298289
2089070078283374013
2089070078283374008
2436728520473994706
2436728520473994705
877180764656011884
877180764656011877
2139520073305562314
2139520073305562318
3885009418844708393
3885009418844708394
1356534692700629084
1356534692700629069
391941499754269437
391941499754269431
4600877142268618420
4600877142268618426
3495612104758919683
3495612104758919685
323848711863915101
323848711863915110
3904177872991484909
3904177872991484912
4418190693988272810
4418190693988272810
967150859868179424
967150859868179438
4521107607898708817
4521107607898708818
2611329134050321434
2611329134050321436
401881689061497846
401881689061497847
4446016820509464206
4446016820509464196
1136263865369422363
1136263865369422360
2144156573316230307
2144156573316230297
2579293581195649169
2579293581195649177
879376641732968808
879376641732968817
1769742776025121717
1769742776025121726
4565810108746343396
4565810108746343390
3986036746303391890
3986036746303391881
863802728259853054
863802728259853045
4562348805861118969
4562348805861118971
1191095004031410210
1191095004031410220
1366556772068612607
1366556772068612597
415592121190585432
415592121190585433
2772932286247102232
2772932286247102232
2090053478293777419
2090053478293777430
2649742208115506849
2649742208115506857
2892656441666948110
2892656441666948115
1053232366925804854
1053232366925804853
3409993116450676034
3409993116450676040
2225213261242380305
2225213261242380316
478876011755373161
478876011755373159
4439584860011085923
4439584860011085922
3249299236850067783
3249299236850067779
3798728047737867568
3798728047737867562
809043713335727478
809043713335727480
2210380661892067005
2210380661892067011
4230577091376045276
4230577091376045270
1241437864591628557
1241437864591628558
278802133732731145
278802133732731149
1700722327902136164
1700722327902136162
638295668602276764
638295668602276760
3379928201490641617
3379928201490641614
82522423260362968
82522423260362964
1437945368560190828
1437945368560190827
2933883267590321210
2933883267590321223
3368827336290510061
3368827336290510062
4608723616861296907
4608723616861296907
2518420334416085407
2518420334416085397
4317688505790839996
4317688505790840002
391655831555394740
391655831555394727
3953578044647570951
3953578044647570938
2305500210107550612
2305500210107550624
2687132116978873525
2687132116978873527
418042090820738783
418042090820738788
1919597175293741472
1919597175293741474
3389765159553276659
3389765159553276659
3866299346751219970
3866299346751219968
2772938863107870562
2772938863107870575
1061709915597625177
1061709915597625189
2833896086121909506
2833896086121909499
52145291985137180
52145291985137178
3127354826307540794
3127354826307540793
4176903643317348279
4176903643317348283
4112364594592305135
4112364594592305138
3070917389498329705
3070917389498329703
1987153728449883043
1987153728449883043
1012622237710762846
1012622237710762842
620514975472710586
620514975472710582
4130470004913858033
4130470004913858034
4521112596823356862
4521112596823356859
2078253762130109157
2078253762130109150
987271457564050339
987271457564050338
2397962896394949400
2397962896394949395
3869750641825801984
3869750641825801980
3821830387573599561
3821830387573599568
2801850820129307029
2801850820129307036
1633527058989689057
1633527058989689048
626641228797550858
626641228797550860
114030871423385504
114030871423385503
649669065916102016
649669065916102018
502766945147064413
502766945147064404
913345895313631913
913345895313631922
824044173245807536
824044173245807551
3293532236567794981
3293532236567794985
1256015439536394124
1256015439536394118
3914223098349320810
3914223098349320805
4300876017416101078
4300876017416101070
2091566358311741762
2091566358311741756
2536487577875522922
2536487577875522926
3003695146615397467
3003695146615397464
3994450391609689696
3994450391609689699
4150442429214283612
4150442429214283602
1428965993290672927
1428965993290672925
3312427491531232776
3312427491531232787
381721190604294115
381721190604294128
2537819717667707740
2537819717667707735
4241635503768165314
4241635503768165320
4000863340797873954
4000863340797873965
161890025334873559
161890025334873564
3633574689353494212
3633574689353494223
4610873909469747691
4610873909469747692
4377201963561264219
4377201963561264224
2428806241158297464
2428806241158297460
2371398102320223920
2371398102320223921
1758052991855377053
1758052991855377056
650940986428237003
650940986428237010
1895788132841985698
1895788132841985695
1738744983272305849
1738744983272305850
4230546778800897437
4230546778800897428
429910732196598714
429910732196598711
2484386465858624073
2484386465858624072
4412761296353128174
4412761296353128170
2182072274822892088
2182072274822892077
1999984873262371412
1999984873262371407
882915207734500008
882915207734499995
1200065612242389515
1200065612242389511
895158707482965507
895158707482965510
3168385249617344598
3168385249617344599
1638749220187801634
1638749220187801642
2304350701802342107
2304350701802342112
911863341465137331
911863341465137318
2919227721528655698
2919227721528655690
942011773434095306
942011773434095306
2503874725003660865
2503874725003660868
3416205905856946059
3416205905856946053
2781434660630895354
2781434660630895350
3589342352463384128
3589342352463384125
4099654607977406947
4099654607977406944
406494386826832675
406494386826832679
2005148303378221146
2005148303378221137
1857489372591261297
1857489372591261300
2628200083965897280
2628200083965897280
3249908853236270750
3249908853236270746
325364267409156803
325364267409156791
172642464039490954
172642464039490943
851023465296673788
851023465296673791
3874804493147728315
3874804493147728319
3103378071664251040
3103378071664251038
4387995884481893647
4387995884481893635
446014404010752170
446014404010752172
1966623122631863954
1966623122631863956
2771299559560192941
2771299559560192930
3232930677943844052
3232930677943844057
1881364288252651617
1881364288252651614
1707217806476771902
1707217806476771896
761281757518031028
761281757518031025
4119088790345992622
4119088790345992632
2765190678795701986
2765190678795701990
3515925283536946821
3515925283536946821
536219304950686892
536219304950686899
4134584382991786411
4134584382991786412
1990605452503403304
1990605452503403311
3332562746166393578
3332562746166393575
1575899181650674752
1575899181650674758
48858968571915170
48858968571915160
1258877403903254683
1258877403903254684
3042611651536677091
3042611651536677084
354334134194661619
354334134194661622
983297920108035866
983297920108035875
2651318977143699069
2651318977143699072
498326903171227312
498326903171227313
1851848591221641432
1851848591221641437
1732503043060266192
1732503043060266195
1157014171463767280
1157014171463767282
2492558708950734021
2492558708950734011
2049174963186092860
2049174963186092859
4289577401466003123
4289577401466003130
4473657952087399716
4473657952087399726
2818531522498099760
2818531522498099772
2280631503706484804
2280631503706484800
1838069176851865820
1838069176851865822
1317791201000739239
1317791201000739232
4286448540013977999
4286448540013977999
64621085913539081
64621085913539075
722132052698975657
722132052698975656
4139182432899546511
4139182432899546513
2682832591309450037
2682832591309450029
4176116268626015963
4176116268626015969
2202580178756472801
2202580178756472800
2413569422076776246
2413569422076776257
4514014146294256448
4514014146294256444
2878835652951474041
2878835652951474042
939201840815469194
939201840815469204
713539132654193380
713539132654193388
644613406927588078
644613406927588079
1208858517006350908
1208858517006350906
3430480340746556452
3430480340746556457
594315428427863356
594315428427863364
2319440356470848861
2319440356470848863
1252127373354490812
1252127373354490814
1104203814063015143
1104203814063015144
4518164984614410111
4518164984614410106
280329885293965907
280329885293965915
1960856526850610317
1960856526850610318
1026382620226450096
1026382620226450090
398642448000832912
398642448000832914
4526324246209634285
4526324246209634289
1632994693103131920
1632994693103131924
2280044095625544181
2280044095625544179
552427046473592041
552427046473592033
1957016616428383558
1957016616428383562
694912427637348596
694912427637348589
3856955663399132251
3856955663399132250
3500201029208764100
3500201029208764108
1702913535914269553
1702913535914269564
1494894595543903621
1494894595543903621
2601988432126724955
2601988432126724954
3797706145645382108
3797706145645382110
983489822115346202
983489822115346209
3343459272706534517
3343459272706534516
659093525978663989
659093525978663993
3347971617585260059
3347971617585260060
541329826385086088
541329826385086092
2742885088264714803
2742885088264714809
3703411814692547705
3703411814692547710
1020166764091113148
1020166764091113143
1668020093874067247
1668020093874067236
3122132812740821054
3122132812740821054
899096237982036563
899096237982036564
713826874041711709
713826874041711709
3500026900673801628
3500026900673801623
102518201372740036
102518201372740030
731801707327882788
731801707327882779
3881600065473957950
3881600065473957939
2521744115670669146
2521744115670669139
376648403999993210
376648403999993205
1447180206227428044
1447180206227428042
3013914009005340327
3013914009005340326
3764297422330409418
3764297422330409412
1016645481013637272
1016645481013637267
2117087167003229492
2117087167003229491
3722901224404218740
3722901224404218734
2250692560351699291
2250692560351699290
3491260388469469616
3491260388469469605
1743109078928846883
1743109078928846895
2496498174964892507
2496498174964892518
46800964594186518
46800964594186528
1939013932352966064
1939013932352966067
748260886141035906
748260886141035899
942466046896712235
942466046896712236
1346724737810774264
1346724737810774257
1422449666736298964
1422449666736298970
717187776606505435
717187776606505431
2115654902734485160
2115654902734485175
3691210187894918510
3691210187894918519
911381297489915705
911381297489915711
2713288793534050433
2713288793534050441
2345549928585225737
2345549928585225744
4125249958991056744
4125249958991056748
4199761942101480942
4199761942101480948
1201180121587239034
1201180121587239031
4407372456693365790
4407372456693365782
3977935962155814579
3977935962155814584
1002673210819974870
1002673210819974878
2433061911808247139
2433061911808247132
4262382996857121015
4262382996857121008
2179694965876182200
2179694965876182203
1137026018750058809
1137026018750058801
723620335243498811
723620335243498805
4187897009420210503
4187897009420210507
2465298705995295316
2465298705995295319
3552740204599471548
3552740204599471543
3788122217775966790
3788122217775966790
1622057733276165904
1622057733276165899
2214080186352165499
2214080186352165487
3452288205458194923
3452288205458194914
865902364162325493
865902364162325486
3146227895181027534
3146227895181027546
171655816353038141
171655816353038143
4365395457431915483
4365395457431915484
1869860605453473839
1869860605453473846
2154701074241222493
2154701074241222502
3168663379083018606
3168663379083018605
1818094087722226788
1818094087722226777
2053633749193089357
2053633749193089369
3274325663270952425
3274325663270952417
2601525455532113128
2601525455532113139
48289699308374836
48289699308374834
2895086770848218451
2895086770848218448
1555935057640632249
1555935057640632239
870028438170664756
870028438170664762
505366591290991842
505366591290991841
1262712439098440314
1262712439098440309
3813334114931912748
3813334114931912738
649428995809725790
649428995809725791
2907171977258955187
2907171977258955187
1855184529899343088
1855184529899343101
3246334768186247020
3246334768186247021
149226238785968028
149226238785968026
1876223501246823534
1876223501246823542
3796604137017013597
3796604137017013588
947485671066567650
947485671066567658
1528361219547013128
1528361219547013115
1847939944565744084
1847939944565744081
4545031775256365969
4545031775256365977
870501584973163965
870501584973163964
2034829815421713650
2034829815421713659
2349018585448526615
2349018585448526614
473450432019009456
473450432019009459
2484952185360231734
2484952185360231732
2822411655269412616
2822411655269412618
4305044697968902209
4305044697968902203
3041143345717617011
3041143345717617007
1128015462289044242
1128015462289044240
1538357194208394165
1538357194208394157
4023745767424844054
4023745767424844051
4072041684824316514
4072041684824316525
3365524454497873367
3365524454497873370
2625544912433597716
2625544912433597722
4193548902523541105
4193548902523541099
4307267399962734347
4307267399962734356
4136720079324766374
4136720079324766370
2645191148781543219
2645191148781543213
2755860247242458806
2755860247242458818
1860309245530113421
1860309245530113420
3486920581272707175
3486920581272707163
920190906988411190
920190906988411191
659409653401563993
659409653401563984
1871117842276672563
1871117842276672568
606314784447508584
606314784447508583
4296740037601177892
4296740037601177883
3615455124082053727
3615455124082053730
4424129866404112785
4424129866404112773
1593085152576930381
1593085152576930381
1298498745728529011
1298498745728529010
4175568037700108218
4175568037700108218
2610060615649846888
2610060615649846895
2401197306983905745
2401197306983905745
111658901492934522
111658901492934513
3346160415440218147
3346160415440218146
1484548383207533911
1484548383207533904
573899535505242727
573899535505242720
4026236206674913219
4026236206674913208
3204682080357736501
3204682080357736505
1412553980797769921
1412553980797769916
315622229645162322
315622229645162324
3713595418519522506
3713595418519522508
3443189586510351379
3443189586510351369
330846986867977198
330846986867977199
4068304271545800599
4068304271545800585
1124931337154567868
1124931337154567859
793269242511474894
793269242511474906
2075434437287800935
2075434437287800927
3192563730835795804
3192563730835795798
143569556745793219
143569556745793215
1495805517016016683
1495805517016016672
3581724586793136675
3581724586793136666
1362053848350570075
1362053848350570080
3864211339180069019
3864211339180069023
792681998897051986
792681998897051987
4378612472106887872
4378612472106887874
3347059940548885493
3347059940548885491
1938563218253100813
1938563218253100819
4413142405015524769
4413142405015524768
781189585806338280
781189585806338282
3276768543640873808
3276768543640873810
3321079751557713907
3321079751557713909
1260367446420589995
1260367446420589987
2379227621830670007
2379227621830670009
4273875080527631653
4273875080527631655
611251573432952245
611251573432952257
351663250584615137
351663250584615125
4184623261958755108
4184623261958755107
2705038313324407545
2705038313324407544
3704203630109724911
3704203630109724914
4557942174754264423
4557942174754264424
1287130896845538714
1287130896845538719
4136827312225478030
4136827312225478027
2128903239896509466
2128903239896509454
4111587383456316005
4111587383456315991
295272212029348490
295272212029348489
2229720682428886381
2229720682428886389
3814179738410347904
3814179738410347904
2804269695198514310
2804269695198514304
2031139966144139878
2031139966144139877
2255657468526484758
2255657468526484766
162946301508909149
162946301508909144
2067786129940713053
2067786129940713058
2805292309902331934
2805292309902331949
2004406479672666775
2004406479672666769
3682520588360801719
3682520588360801721
4184211170942650135
4184211170942650137
674372935448494190
674372935448494198
195160231970627969
195160231970627967
2714875404051179767
2714875404051179754
3784181252188984381
3784181252188984388
1144343154636152826
1144343154636152836
3039134160289500331
3039134160289500318
1893695693988039156
1893695693988039153
997718200032093524
997718200032093527
3483693919153315681
3483693919153315681
2099793880531491462
2099793880531491461
1890128379728444639
1890128379728444637
2564516066367008653
2564516066367008659
4314537165983320176
4314537165983320175
4593804083924232556
4593804083924232558
548074803430575618
548074803430575624
396681927310486615
396681927310486619
1554349906994237164
1554349906994237159
1858741956680657259
1858741956680657268
3203661493442796657
3203661493442796666
1812076680452655017
1812076680452655023
3603318666360541841
3603318666360541846
1602155406025575926
1602155406025575924
2534353298745737497
2534353298745737507
1845696577820297756
1845696577820297764
1422893892146370512
1422893892146370511
4580869269406793649
4580869269406793659
2491809420357376392
2491809420357376393
217499055442488158
217499055442488161
1265996246554747893
1265996246554747898
1209812988192266861
1209812988192266855
476890410669861464
476890410669861454
3357650075115127480
3357650075115127473
1110851607446427797
1110851607446427794
1485346342606476702
1485346342606476704
3940912290081701353
3940912290081701351
3554289419422481748
3554289419422481756
2803521710674632983
2803521710674632991
865740822932580811
865740822932580811
961646983051893909
961646983051893913
2207258754084161111
2207258754084161115
3345687595452021147
3345687595452021145
4058828787812291185
4058828787812291187
3287058453837907019
3287058453837907017
1782448665793521682
1782448665793521678
1346954190312083375
1346954190312083375
994995705787363585
994995705787363582
113104089027723134
113104089027723119
3512428364131165648
3512428364131165641
3933537340903411370
3933537340903411375
563096814101062826
563096814101062822
2916980772483556811
2916980772483556805
1972437539116509375
1972437539116509384
277191449029626975
277191449029626972
1513479168380155548
1513479168380155554
1290412486038510328
1290412486038510326
1855972092607786893
1855972092607786902
768851320251542757
768851320251542753
429106233408737577
429106233408737580
695410798438099177
695410798438099170
3933463058509019131
3933463058509019122
1804882550285159944
1804882550285159952
290251621733061863
290251621733061859
1739415652935632822
1739415652935632816
3316694711444203260
3316694711444203258
108495645916029343
108495645916029353
4112526204871096552
4112526204871096550
3759269899039130950
3759269899039130960
2837379504763623897
2837379504763623898
2657119425185021826
2657119425185021822
219871911291214936
219871911291214936
1273624388138822955
1273624388138822967
2073261802245172630
2073261802245172630
3707005836917424921
3707005836917424925
2282943468982560068
2282943468982560072
97310485516074992
97310485516074994
1053751960736420863
1053751960736420862
2400816071554335372
2400816071554335384
1103737411753816177
1103737411753816164
3797578698183921710
3797578698183921708
479125816928591693
479125816928591703
3301712118910034241
3301712118910034247
721336564856255521
721336564856255520
1535985455123856962
1535985455123856956
1912924413126837284
1912924413126837286
3080717746136957195
3080717746136957187
1149704710021768126
1149704710021768125
819890920329056249
819890920329056247
316715612824544064
316715612824544070
3915114964282415197
3915114964282415198
749719844866613440
749719844866613442
1589380007056005400
1589380007056005404
3410187628428409745
3410187628428409741
2927394435799479752
2927394435799479755
3149038894578258041
3149038894578258036
3947736736493634224
3947736736493634222
4535137969799274879
4535137969799274870
3413794585409511618
3413794585409511615
926297650260502943
926297650260502940
3006820847309914345
3006820847309914340
2700265010676509455
2700265010676509459
1250250942570677232
1250250942570677227
3070341250674041679
3070341250674041679
3132724810131560356
3132724810131560353
3289353974796592133
3289353974796592131
1319131710387713383
1319131710387713375
1522123024026975873
1522123024026975888
1722145980781278128
1722145980781278135
3691554358783406528
3691554358783406526
3329051898958668346
3329051898958668337
