1000 62
411210362216176 4608195082489123242
3120467703326244693
3120467703326244694
1560251036141468240
1560251036141468241
2138538109455192966
2138538109455192967
2788681119069297437
2788681119069297438
1540413832356185303
1540413832356185304
4318317622524685127
4318317622524685128
3228633558794684152
3228633558794684153
3358193950635074831
3358193950635074832
781285098577685955
781285098577685956
4363648503303850599
4363648503303850600
4386964075787560080
4386964075787560081
1948837105821934165
1948837105821934166
776736937711727526
776736937711727527
236736420829355564
236736420829355565
610705158391140009
610705158391140010
4020123939947338043
4020123939947338044
4570105146922507231
4570105146922507232
292046882331840986
292046882331840987
3174872538999330666
3174872538999330667
3641363920481410022
3641363920481410023
4091782816021354637
4091782816021354638
4237933901727072773
4237933901727072774
945211707692328339
945211707692328340
1034406124102269708
1034406124102269709
3657046960672072757
3657046960672072758
4102445474667571545
4102445474667571546
3562897478052499853
3562897478052499854
4202995073627498145
4202995073627498146
1828731401193348113
1828731401193348114
1575627544227197876
1575627544227197877
199200487881054181
199200487881054182
3268766367071950105
3268766367071950106
24310961811429320
24310961811429321
1896268545027643899
1896268545027643900
4131206944927427796
4131206944927427797
3900593865680886933
3900593865680886934
641683019670802952
641683019670802953
1091739717051022860
1091739717051022861
3395278164501122289
3395278164501122290
3923307115297015503
3923307115297015504
4445723242731081850
4445723242731081851
17868548278509635
17868548278509636
3525002831420004043
3525002831420004044
911593565382357986
911593565382357987
3930062166798015310
3930062166798015311
1522855744582142799
1522855744582142800
4115815504220575487
4115815504220575488
614199977456991737
614199977456991738
4231948127947347070
4231948127947347071
2309547989812155237
2309547989812155238
2642395285387991391
2642395285387991392
2479185404627678700
2479185404627678701
913922972429964242
913922972429964243
317377116948408589
317377116948408590
886202314953337336
886202314953337337
3527468063266110992
3527468063266110993
3232089338773387928
3232089338773387929
670341734792546400
670341734792546401
4333672674429277099
4333672674429277100
3318731849393511247
3318731849393511248
190001841098250434
190001841098250435
1245129900019305364
1245129900019305365
3150819093407888784
3150819093407888785
3929099792235087343
3929099792235087344
3436396659791679871
3436396659791679872
3398270342990397457
3398270342990397458
2653018504356214324
2653018504356214325
157895650765870641
157895650765870642
4005987452871236073
4005987452871236074
1855593022144221560
1855593022144221561
4178842542725377249
4178842542725377250
745892810806133633
745892810806133634
2328492728032352556
2328492728032352557
3394181142315012096
3394181142315012097
3899945231074636136
3899945231074636137
2407571880905240694
2407571880905240695
2606669938569197430
2606669938569197431
3171519410788487905
3171519410788487906
4000042401941194955
4000042401941194956
507128230606666357
507128230606666358
4066162881340733313
4066162881340733314
1685886653166137360
1685886653166137361
968595245506258349
968595245506258350
916674867417621013
916674867417621014
4366820445239849278
4366820445239849279
3438931096049171353
3438931096049171354
1747571834329738426
1747571834329738427
2802737301063696554
2802737301063696555
2835908187814606
2835908187814607
515160494131026788
515160494131026789
1022438028249082461
1022438028249082462
1243482652886625961
1243482652886625962
3757135622685338229
3757135622685338230
1416495633534856869
1416495633534856870
1313809113907958813
1313809113907958814
2386566919984693815
2386566919984693816
254397762487628435
254397762487628436
1758813206882551754
1758813206882551755
2584548538530486894
2584548538530486895
1976744948967118274
1976744948967118275
1596006125592973045
1596006125592973046
3586891075003769038
3586891075003769039
2610336297277851054
2610336297277851055
305663187717747634
305663187717747635
2987694469715673741
2987694469715673742
441684262935052764
441684262935052765
3508290236822952636
3508290236822952637
2351393643075577191
2351393643075577192
4408039454199704772
4408039454199704773
2584682511785427253
2584682511785427254
641650360213987376
641650360213987377
1338760649267847637
1338760649267847638
3194263824123990654
3194263824123990655
4037609371732068665
4037609371732068666
135465094988959621
135465094988959622
4332545872055095386
4332545872055095387
3733557350241047055
3733557350241047056
1212692422018580290
1212692422018580291
757305783205434663
757305783205434664
554611884242067882
554611884242067883
684002097435729078
684002097435729079
225171889701140740
225171889701140741
2077277855143155750
2077277855143155751
3627455273731812952
3627455273731812953
1356937392049458449
1356937392049458450
68224918173414476
68224918173414477
3683289486762454046
3683289486762454047
1314378380577246458
1314378380577246459
2217836209344956227
2217836209344956228
1280788296944503047
1280788296944503048
4435388829970862362
4435388829970862363
3447230203425367527
3447230203425367528
1365106751276540063
1365106751276540064
543860750925187071
543860750925187072
1936572802400974134
1936572802400974135
657260109966015181
657260109966015182
2591423883193031933
2591423883193031934
3665784466210597206
3665784466210597207
2712470959457851505
2712470959457851506
3702009586712969856
3702009586712969857
3058416323530379635
3058416323530379636
1264317939837358016
1264317939837358017
2754506536197714121
2754506536197714122
2806120447150157929
2806120447150157930
1608883219217995889
1608883219217995890
4257458848814000052
4257458848814000053
1276751390553135511
1276751390553135512
591882989997254787
591882989997254788
3682021922542929111
3682021922542929112
3783338059826918384
3783338059826918385
748130067205512834
748130067205512835
3641611265055906104
3641611265055906105
3961942220087474385
3961942220087474386
935683875602228800
935683875602228801
2184259825918315144
2184259825918315145
2727919278533255351
2727919278533255352
2515703428754879335
2515703428754879336
383676426721072314
383676426721072315
2530061021730372896
2530061021730372897
2734414514734261394
2734414514734261395
1210285310920472014
1210285310920472015
307060863696760209
307060863696760210
3002502063175775651
3002502063175775652
2679467059139424258
2679467059139424259
2699061571669153060
2699061571669153061
2009539202170297978
2009539202170297979
1423910333887202278
1423910333887202279
2430317760769936337
2430317760769936338
2958929386293753056
2958929386293753057
3671454459320811411
3671454459320811412
4046402300318174056
4046402300318174057
2646533231076129269
2646533231076129270
4406170293749050789
4406170293749050790
296620883817113252
296620883817113253
1034365262001132635
1034365262001132636
633889428833451081
633889428833451082
459410090633197984
459410090633197985
2267413057897744413
2267413057897744414
278761869292513252
278761869292513253
4099311780923098828
4099311780923098829
3355004347271532199
3355004347271532200
3130379960364957964
3130379960364957965
134677953515148219
134677953515148220
1123597732960159861
1123597732960159862
2115112685127644815
2115112685127644816
1711998098599425868
1711998098599425869
4438873468732708854
4438873468732708855
2643298867671884249
2643298867671884250
2287030947767325975
2287030947767325976
1121127669362567787
1121127669362567788
2870542758235814455
2870542758235814456
390295225623531987
390295225623531988
216337131671356855
216337131671356856
1889695534803129132
1889695534803129133
2714238012184326936
2714238012184326937
372335963636477019
372335963636477020
157308928989344978
157308928989344979
3470993447965261034
3470993447965261035
389285927998621478
389285927998621479
137718573301481457
137718573301481458
2880457919241112408
2880457919241112409
2522670784449725172
2522670784449725173
2188820507206029134
2188820507206029135
3244526417016656924
3244526417016656925
347326788718560773
347326788718560774
390150110433367832
390150110433367833
1482549347310039465
1482549347310039466
2139127475629829287
2139127475629829288
2071371570277510794
2071371570277510795
685203386833457097
685203386833457098
1780526147548942134
1780526147548942135
2205466466646433981
2205466466646433982
635985386240301968
635985386240301969
4116799958390291594
4116799958390291595
3095533612062773225
3095533612062773226
2082099540780355187
2082099540780355188
596732189541732826
596732189541732827
4467265948628390917
4467265948628390918
501636165189604478
501636165189604479
243177591325897377
243177591325897378
344186426075531753
344186426075531754
2976011001233233959
2976011001233233960
380697663267917383
380697663267917384
477863474611318604
477863474611318605
108162672858881025
108162672858881026
2889472562158284848
2889472562158284849
925471991746702711
925471991746702712
4032122544681568766
4032122544681568767
374171643678595233
374171643678595234
25233101381994678
25233101381994679
3520356729653107969
3520356729653107970
3148777712472052088
3148777712472052089
71393996668536569
71393996668536570
1167977076262900178
1167977076262900179
2816612498476863165
2816612498476863166
4430453976478064587
4430453976478064588
2395515338317813454
2395515338317813455
1923780125204863541
1923780125204863542
4145471712446394881
4145471712446394882
2193216147314246644
2193216147314246645
1453116821489389183
1453116821489389184
4034516800983129785
4034516800983129786
2946604499537484891
2946604499537484892
3141447214937736391
3141447214937736392
609803293273779929
609803293273779930
179355662316637197
179355662316637198
860931257391847988
860931257391847989
1629961842736360393
1629961842736360394
4526828398727280536
4526828398727280537
1859497079539831606
1859497079539831607
33450304515152328
33450304515152329
4507539859902513099
4507539859902513100
1396106147450288506
1396106147450288507
3962106935283587241
3962106935283587242
135893783558199217
135893783558199218
2026007070697021210
2026007070697021211
1921125244631213293
1921125244631213294
1483804370346371655
1483804370346371656
2598178822161457746
2598178822161457747
4062098439898475359
4062098439898475360
4115771896682542116
4115771896682542117
1983412402903507173
1983412402903507174
362274608209762256
362274608209762257
1387599837402326304
1387599837402326305
2151860213067889054
2151860213067889055
4263992819116912929
4263992819116912930
2102512297720491242
2102512297720491243
1775604877227947832
1775604877227947833
1519439652077150712
1519439652077150713
271528847792690960
271528847792690961
423471085153208009
423471085153208010
1464276470744109757
1464276470744109758
123884318194651936
123884318194651937
973512638334344021
973512638334344022
1681441298137715795
1681441298137715796
4135025070368402059
4135025070368402060
4352145629267353755
4352145629267353756
396213291247489926
396213291247489927
4495983470689721267
4495983470689721268
4437924180560943487
4437924180560943488
2764756526479915910
2764756526479915911
4337451195912713908
4337451195912713909
3090934894091694535
3090934894091694536
1774863970860660112
1774863970860660113
3214379990822118234
3214379990822118235
3557358934991603276
3557358934991603277
349859911294439166
349859911294439167
3088783438181116057
3088783438181116058
1945317448101007472
1945317448101007473
1048459848925646052
1048459848925646053
3353775678375698820
3353775678375698821
3523092542505432715
3523092542505432716
3685557800154750045
3685557800154750046
2316673269674995843
2316673269674995844
2136299403262968088
2136299403262968089
14744273618990507
14744273618990508
4231992012827482987
4231992012827482988
945936059262536296
945936059262536297
1031818618465741058
1031818618465741059
4534362249070116351
4534362249070116352
1451064420125237381
1451064420125237382
421929882168185729
421929882168185730
1515210560829664778
1515210560829664779
3198750497251914106
3198750497251914107
2350181206858313701
2350181206858313702
3642218015274437684
3642218015274437685
1862068425321846386
1862068425321846387
3872688467887583121
3872688467887583122
1795874588643348296
1795874588643348297
2704985937438349831
2704985937438349832
4004714267303923196
4004714267303923197
2346076373636158823
2346076373636158824
1648272476799613438
1648272476799613439
4367968379930607834
4367968379930607835
931500883502021534
931500883502021535
4219832092982817508
4219832092982817509
2616272634158129689
2616272634158129690
3687102499526003057
3687102499526003058
3583911264932136129
3583911264932136130
821539660186526416
821539660186526417
791106830613749493
791106830613749494
1411254351458685437
1411254351458685438
4093027986904204794
4093027986904204795
1284437470630810730
1284437470630810731
2409809420588536787
2409809420588536788
3479269039302299868
3479269039302299869
1969773155628717399
1969773155628717400
4510753771181079604
4510753771181079605
432296845359691056
432296845359691057
1314104881003805298
1314104881003805299
2383949395290374969
2383949395290374970
2208117129185854574
2208117129185854575
4583959670989188337
4583959670989188338
825893659074890644
825893659074890645
676396971891598229
676396971891598230
3129381465058757820
3129381465058757821
3429337826058019960
3429337826058019961
234471797801889800
234471797801889801
1284756898194656795
1284756898194656796
1587913081915873075
1587913081915873076
2668167189151276535
2668167189151276536
2479972872663625638
2479972872663625639
4384014435384988313
4384014435384988314
3514142128496776824
3514142128496776825
2091184748947360083
2091184748947360084
1571350958761435385
1571350958761435386
3448771547462261784
3448771547462261785
619632241182172311
619632241182172312
1949714336473700840
1949714336473700841
2376690729074420902
2376690729074420903
3869948564598417921
3869948564598417922
2622238327844078114
2622238327844078115
46182853143174413
46182853143174414
2559040457459889072
2559040457459889073
227654050030359684
227654050030359685
3567322122645176280
3567322122645176281
1636437071754551280
1636437071754551281
1715880161763083162
1715880161763083163
1717330780802737251
1717330780802737252
3683186973803143133
3683186973803143134
4089099383386618378
4089099383386618379
2017061199907033865
2017061199907033866
3350743503470874096
3350743503470874097
879579202935661834
879579202935661835
455405825848286841
455405825848286842
765789219665363438
765789219665363439
2709056720651505795
2709056720651505796
4108756081553646827
4108756081553646828
1199929162975501896
1199929162975501897
1139622017636911727
1139622017636911728
2165493093413220781
2165493093413220782
2423551995191739285
2423551995191739286
3509162116138632979
3509162116138632980
55551719173149530
55551719173149531
3054047365818242771
3054047365818242772
1547068529670469034
1547068529670469035
1028213318115873468
1028213318115873469
4601780247482083594
4601780247482083595
129591404721451450
129591404721451451
3303889380643849707
3303889380643849708
2705207746580920018
2705207746580920019
4476544458342573341
4476544458342573342
3030943281887999741
3030943281887999742
1562446897553236354
1562446897553236355
3261198824035887016
3261198824035887017
1523008945750834006
1523008945750834007
1824354348859308730
1824354348859308731
352251957684686615
352251957684686616
3790468559275261769
3790468559275261770
1131610094980689775
1131610094980689776
2141212061395019212
2141212061395019213
3203507254283216161
3203507254283216162
1449791778885146264
1449791778885146265
3868619980762155540
3868619980762155541
4072353047107448010
4072353047107448011
3278805197606797750
3278805197606797751
2938000004916000410
2938000004916000411
3668036609205388856
3668036609205388857
4263427738484907299
4263427738484907300
1759038433058201179
1759038433058201180
3490401920861988420
3490401920861988421
4081582109967532040
4081582109967532041
2314030874403652604
2314030874403652605
3832942778265833773
3832942778265833774
152480390132948330
152480390132948331
4607730138629328584
4607730138629328585
646365023242114661
646365023242114662
1918960310695847004
1918960310695847005
3450877749048652306
3450877749048652307
3855612706699492055
3855612706699492056
3069715762633249529
3069715762633249530
2845723626573032554
2845723626573032555
2362799455695372144
2362799455695372145
2298098590320074606
2298098590320074607
1203652427886719096
1203652427886719097
1723903520407761818
1723903520407761819
3560397096376304885
3560397096376304886
3918777612907320065
3918777612907320066
2475994694254572949
2475994694254572950
4603571395041003538
4603571395041003539
3404952843648168927
3404952843648168928
2982473785070058449
2982473785070058450
2137298543349806023
2137298543349806024
4296393922264794313
4296393922264794314
476217589366772522
476217589366772523
3969157198139523322
3969157198139523323
913213534431400671
913213534431400672
3323650947832594901
3323650947832594902
1174699819710831313
1174699819710831314
1362129096640327075
1362129096640327076
53366163622224189
53366163622224190
3084004914085324788
3084004914085324789
1912227379734817941
1912227379734817942
1253708100254012317
1253708100254012318
4349385692871109684
4349385692871109685
1605892612633994675
1605892612633994676
2580506461238487790
2580506461238487791
740050167843054488
740050167843054489
3137571219529393479
3137571219529393480
613835733932619741
613835733932619742
4484675128477083235
4484675128477083236
410746114467915039
410746114467915040
971447729119118897
971447729119118898
1191456024284183331
1191456024284183332
4072001176312948605
4072001176312948606
2023046328085933806
2023046328085933807
1627939473128552780
1627939473128552781
3562538614078301979
3562538614078301980
4179619733183013170
4179619733183013171
433083873724921727
433083873724921728
1882513645228826067
1882513645228826068
1965685489360041404
1965685489360041405
813380923448709470
813380923448709471
1117336571237024642
1117336571237024643
716402518821321466
716402518821321467
2642658963838674830
2642658963838674831
1945333671453784908
1945333671453784909
3240338288484362262
3240338288484362263
886690447711611573
886690447711611574
2952424900387929507
2952424900387929508
3334698041306874704
3334698041306874705
2378064802064971022
2378064802064971023
1884954136647068802
1884954136647068803
743379635592237205
743379635592237206
2516327034017972320
2516327034017972321
1276350215974051562
1276350215974051563
1339928780685397710
1339928780685397711
2011521773671255548
2011521773671255549
4511960613566919137
4511960613566919138
1954544364912648424
1954544364912648425
3506703726514230514
3506703726514230515
262683649128110955
262683649128110956
1655186524559508082
1655186524559508083
3356610146139823460
3356610146139823461
3037325115725002850
3037325115725002851
1903762379670833399
1903762379670833400
1682840321663594585
1682840321663594586
1726726878141211100
1726726878141211101
4582238258341741088
4582238258341741089
3720448452830513153
3720448452830513154
2344821346710004119
2344821346710004120
3366147533906628336
3366147533906628337
294642183289692477
294642183289692478
545027951031690023
545027951031690024
3305250566342155809
3305250566342155810
1487401066327623663
1487401066327623664
2280485214877744857
2280485214877744858
1425093990258402436
1425093990258402437
363416082641048142
363416082641048143
1193457536471038249
1193457536471038250
899959917889938864
899959917889938865
2695545251795057168
2695545251795057169
4521021792654259630
4521021792654259631
2172005377144299311
2172005377144299312
2803837127811223125
2803837127811223126
1116456132879610227
1116456132879610228
3275648807748340653
3275648807748340654
2392313293760270619
2392313293760270620
2733766711846924077
2733766711846924078
26812860537645417
26812860537645418
