1000 62
6 4611686018427387897
671360086230015278
671360086230015200
671360086230015081
671360086230015588
671360086230015377
671360086230015352
671360086230014982
671360086230014927
671360086230015388
671360086230014622
671360086230014879
671360086230015100
671360086230015421
671360086230014802
671360086230015347
671360086230015493
671360086230015023
671360086230015532
671360086230015151
671360086230015152
671360086230015298
671360086230014696
671360086230014797
671360086230015176
671360086230015166
671360086230015316
671360086230015424
671360086230015346
671360086230014871
671360086230015278
671360086230015422
671360086230015224
671360086230015302
671360086230014690
671360086230015464
671360086230015034
671360086230014943
671360086230014695
671360086230014970
671360086230015419
671360086230015019
671360086230015424
671360086230014856
671360086230015055
671360086230015316
671360086230014696
671360086230015373
671360086230014801
671360086230015317
671360086230015250
671360086230015415
671360086230014898
671360086230014699
671360086230015574
671360086230014646
671360086230015202
671360086230015524
671360086230014805
671360086230015447
671360086230015271
671360086230015534
671360086230014969
671360086230015098
671360086230015555
671360086230015452
671360086230015531
671360086230014798
671360086230015127
671360086230015189
671360086230015260
671360086230015593
671360086230015314
671360086230015513
671360086230015424
671360086230015115
671360086230015599
671360086230015538
671360086230014629
671360086230015248
671360086230014970
671360086230014850
671360086230015216
671360086230015040
671360086230014911
671360086230014965
671360086230015203
671360086230014722
671360086230014691
671360086230015112
671360086230015501
671360086230015294
671360086230015137
671360086230014803
671360086230014719
671360086230015222
671360086230015278
671360086230014874
671360086230014919
671360086230015336
671360086230014800
671360086230014988
671360086230015095
671360086230014828
671360086230014741
671360086230015211
671360086230014814
671360086230015454
671360086230015486
671360086230015497
671360086230015314
671360086230015134
671360086230014612
671360086230014793
671360086230015396
671360086230014773
671360086230014617
671360086230015263
671360086230014940
671360086230015171
671360086230015526
671360086230015287
671360086230015235
671360086230015233
671360086230014913
671360086230014983
671360086230014986
671360086230015140
671360086230014998
671360086230014896
671360086230014729
671360086230015295
671360086230015100
671360086230014655
671360086230014789
671360086230015033
671360086230015208
671360086230015364
671360086230015007
671360086230014698
671360086230015051
671360086230014851
671360086230015425
671360086230014691
671360086230015513
671360086230015217
671360086230015286
671360086230015491
671360086230015510
671360086230015056
671360086230015057
671360086230015402
671360086230015451
671360086230014989
671360086230015415
671360086230014678
671360086230015129
671360086230015036
671360086230015082
671360086230014910
671360086230015322
671360086230015436
671360086230015018
671360086230015563
671360086230014687
671360086230014796
671360086230015364
671360086230015296
671360086230014872
671360086230015062
671360086230015099
671360086230015339
671360086230015402
671360086230015588
671360086230014776
671360086230014618
671360086230014622
671360086230015150
671360086230014726
671360086230014857
671360086230015203
671360086230015421
671360086230014969
671360086230014792
671360086230014862
671360086230015114
671360086230015062
671360086230014937
671360086230015549
671360086230015129
671360086230014860
671360086230015020
671360086230015549
671360086230015500
671360086230015031
671360086230015226
671360086230015097
671360086230014874
671360086230015216
671360086230015086
671360086230015272
671360086230015090
671360086230015103
671360086230014745
671360086230015338
671360086230014986
671360086230015108
671360086230014913
671360086230015249
671360086230015424
671360086230015078
671360086230014931
671360086230014975
671360086230015275
671360086230014766
671360086230015594
671360086230015535
671360086230015545
671360086230015234
671360086230014985
671360086230015311
671360086230015217
671360086230014872
671360086230014927
671360086230015261
671360086230015007
671360086230015598
671360086230015099
671360086230015346
671360086230015412
671360086230014761
671360086230015559
671360086230015447
671360086230014897
671360086230015173
671360086230014606
671360086230015238
671360086230015060
671360086230015587
671360086230014658
671360086230014786
671360086230014630
671360086230015224
671360086230015392
671360086230015183
671360086230014714
671360086230015298
671360086230015335
671360086230014979
671360086230014970
671360086230015560
671360086230015109
671360086230015473
671360086230015203
671360086230014663
671360086230015541
671360086230014797
671360086230014758
671360086230015570
671360086230014875
671360086230015228
671360086230014615
671360086230015032
671360086230015425
671360086230015401
671360086230015419
671360086230015433
671360086230015137
671360086230015103
671360086230014677
671360086230015080
671360086230014837
671360086230014702
671360086230014979
671360086230014970
671360086230015585
671360086230014748
671360086230015297
671360086230015240
671360086230014849
671360086230015221
671360086230014925
671360086230014747
671360086230014638
671360086230015243
671360086230015284
671360086230014699
671360086230015331
671360086230014707
671360086230014646
671360086230015261
671360086230015089
671360086230015073
671360086230015341
671360086230015521
671360086230014670
671360086230015244
671360086230014631
671360086230015318
671360086230015164
671360086230014730
671360086230015231
671360086230015452
671360086230015546
671360086230014685
671360086230014764
671360086230015232
671360086230015246
671360086230015533
671360086230014871
671360086230015529
671360086230015458
671360086230015514
671360086230015269
671360086230015062
671360086230015111
671360086230015310
671360086230014620
671360086230015410
671360086230015252
671360086230014740
671360086230015437
671360086230015566
671360086230014793
671360086230015530
671360086230015556
671360086230015051
671360086230015090
671360086230015397
671360086230015050
671360086230015057
671360086230015171
671360086230014883
671360086230015088
671360086230015329
671360086230015193
671360086230014665
671360086230015451
671360086230015419
671360086230014898
671360086230014972
671360086230014892
671360086230014968
671360086230015562
671360086230014634
671360086230014685
671360086230015114
671360086230015478
671360086230014882
671360086230014886
671360086230014880
671360086230015589
671360086230015084
671360086230015041
671360086230015054
671360086230015544
671360086230014980
671360086230014632
671360086230015330
671360086230014687
671360086230014855
671360086230015435
671360086230015219
671360086230015253
671360086230014844
671360086230015148
671360086230015363
671360086230014633
671360086230015356
671360086230014777
671360086230014944
671360086230014979
671360086230014632
671360086230014653
671360086230015574
671360086230015357
671360086230015383
671360086230015369
671360086230015572
671360086230014814
671360086230015317
671360086230015043
671360086230014951
671360086230015506
671360086230014679
671360086230014761
671360086230015349
671360086230015292
671360086230014716
671360086230015009
671360086230015160
671360086230014738
671360086230015075
671360086230015360
671360086230015106
671360086230015254
671360086230014676
671360086230014731
671360086230014675
671360086230014958
671360086230015132
671360086230014631
671360086230014790
671360086230015138
671360086230015325
671360086230014753
671360086230014788
671360086230014888
671360086230015356
671360086230014754
671360086230015119
671360086230015182
671360086230015470
671360086230014997
671360086230015415
671360086230014828
671360086230015567
671360086230014826
671360086230015312
671360086230015177
671360086230015332
671360086230015532
671360086230014728
671360086230015029
671360086230015307
671360086230014767
671360086230015375
671360086230014924
671360086230014846
671360086230015174
671360086230015186
671360086230014604
671360086230015405
671360086230015424
671360086230015182
671360086230014995
671360086230014792
671360086230015378
671360086230014933
671360086230015475
671360086230014990
671360086230015138
671360086230015051
671360086230014609
671360086230015007
671360086230015465
671360086230015143
671360086230015164
671360086230015470
671360086230015277
671360086230014739
671360086230015333
671360086230014839
671360086230015260
671360086230015156
671360086230015424
671360086230015360
671360086230014981
671360086230014878
671360086230015282
671360086230014789
671360086230015595
671360086230014752
671360086230014768
671360086230015306
671360086230015240
671360086230014737
671360086230014993
671360086230014676
671360086230014662
671360086230014612
671360086230014640
671360086230015083
671360086230015377
671360086230014660
671360086230014717
671360086230015266
671360086230015328
671360086230015153
671360086230014702
671360086230015289
671360086230014976
671360086230015209
671360086230014632
671360086230014661
671360086230015155
671360086230014830
671360086230015405
671360086230015016
671360086230014830
671360086230015381
671360086230015178
671360086230015304
671360086230015544
671360086230015573
671360086230014900
671360086230014694
671360086230015082
671360086230014679
671360086230015341
671360086230015187
671360086230015484
671360086230014660
671360086230014772
671360086230015515
671360086230015277
671360086230015048
671360086230014722
671360086230015581
671360086230014714
671360086230015318
671360086230014782
671360086230014651
671360086230015300
671360086230015541
671360086230014631
671360086230015368
671360086230015460
671360086230015292
671360086230015346
671360086230015035
671360086230015266
671360086230015325
671360086230014893
671360086230014861
671360086230015054
671360086230014837
671360086230014806
671360086230015435
671360086230015479
671360086230015269
671360086230015397
671360086230015148
671360086230015406
671360086230015260
671360086230014819
671360086230014884
671360086230015206
671360086230014613
671360086230014861
671360086230015139
671360086230015409
671360086230015349
671360086230015362
671360086230015597
671360086230015592
671360086230015325
671360086230015492
671360086230015300
671360086230014938
671360086230015395
671360086230015129
671360086230014695
671360086230015198
671360086230015209
671360086230015260
671360086230014633
671360086230014970
671360086230014975
671360086230015307
671360086230014719
671360086230014831
671360086230015571
671360086230015381
671360086230014628
671360086230014969
671360086230015543
671360086230015308
671360086230015570
671360086230014948
671360086230015046
671360086230015302
671360086230015452
671360086230015594
671360086230014652
671360086230014952
671360086230014742
671360086230014631
671360086230014610
671360086230014944
671360086230014669
671360086230015096
671360086230014602
671360086230015074
671360086230015448
671360086230014870
671360086230014689
671360086230015293
671360086230015204
671360086230015230
671360086230014879
671360086230014835
671360086230014735
671360086230014728
671360086230015029
671360086230015158
671360086230014786
671360086230014848
671360086230015278
671360086230014993
671360086230015208
671360086230015039
671360086230015177
671360086230015129
671360086230015241
671360086230015450
671360086230015091
671360086230015550
671360086230014876
671360086230014859
671360086230014740
671360086230014906
671360086230015509
671360086230014633
671360086230014797
671360086230015376
671360086230015059
671360086230014707
671360086230015427
671360086230014780
671360086230015189
671360086230014711
671360086230015570
671360086230015550
671360086230015428
671360086230014602
671360086230015125
671360086230014764
671360086230014722
671360086230014755
671360086230015206
671360086230015002
671360086230015085
671360086230015097
671360086230015482
671360086230015490
671360086230015143
671360086230015385
671360086230015310
671360086230015154
671360086230015431
671360086230015414
671360086230015081
671360086230014820
671360086230015462
671360086230015259
671360086230015520
671360086230014997
671360086230014758
671360086230015388
671360086230015541
671360086230015069
671360086230015490
671360086230015532
671360086230015475
671360086230014610
671360086230014945
671360086230015027
671360086230014857
671360086230014927
671360086230014736
671360086230014892
671360086230014979
671360086230015202
671360086230015475
671360086230015294
671360086230014971
671360086230014828
671360086230014605
671360086230015398
671360086230014912
671360086230014780
671360086230014684
671360086230015017
671360086230015237
671360086230015235
671360086230015386
671360086230014837
671360086230015548
671360086230015257
671360086230014691
671360086230014798
671360086230014989
671360086230015021
671360086230014728
671360086230015371
671360086230015532
671360086230015535
671360086230015457
671360086230014751
671360086230015132
671360086230015551
671360086230015576
671360086230014651
671360086230015132
671360086230015137
671360086230015395
671360086230015591
671360086230015099
671360086230015543
671360086230014973
671360086230015504
671360086230014936
671360086230015461
671360086230015329
671360086230015205
671360086230014999
671360086230015488
671360086230014879
671360086230015265
671360086230015279
671360086230015416
671360086230015590
671360086230014668
671360086230014867
671360086230014734
671360086230014642
671360086230014712
671360086230015203
671360086230015217
671360086230015226
671360086230015336
671360086230014758
671360086230015439
671360086230015117
671360086230015118
671360086230014716
671360086230015401
671360086230015304
671360086230015383
671360086230015397
671360086230015590
671360086230014688
671360086230014688
671360086230015452
671360086230015280
671360086230015373
671360086230014727
671360086230014821
671360086230014959
671360086230014946
671360086230014762
671360086230015596
671360086230015345
671360086230015438
671360086230015538
671360086230014850
671360086230014779
671360086230015588
671360086230014788
671360086230014830
671360086230015243
671360086230014728
671360086230015480
671360086230015090
671360086230015356
671360086230015549
671360086230015068
671360086230015237
671360086230014713
671360086230015343
671360086230015228
671360086230014739
671360086230015066
671360086230015594
671360086230015423
671360086230014801
671360086230015185
671360086230014980
671360086230015351
671360086230014748
671360086230015594
671360086230014940
671360086230015241
671360086230014869
671360086230015533
671360086230014669
671360086230014880
671360086230015370
671360086230014601
671360086230014662
671360086230015503
671360086230015270
671360086230014630
671360086230015091
671360086230015245
671360086230015066
671360086230014925
671360086230014662
671360086230014611
671360086230014881
671360086230015513
671360086230015338
671360086230014703
671360086230014993
671360086230015556
671360086230015238
671360086230014944
671360086230014704
671360086230015355
671360086230015455
671360086230015479
671360086230014982
671360086230014745
671360086230015452
671360086230015373
671360086230014750
671360086230014979
671360086230015283
671360086230015380
671360086230015080
671360086230015361
671360086230015014
671360086230015406
671360086230014619
671360086230015568
671360086230015144
671360086230015510
671360086230015458
671360086230014754
671360086230014706
671360086230015056
671360086230014982
671360086230014612
671360086230015514
671360086230015565
671360086230015592
671360086230014730
671360086230015294
671360086230015164
671360086230015091
671360086230014871
671360086230014672
671360086230015089
671360086230014723
671360086230015008
671360086230015321
671360086230014803
671360086230015413
671360086230015156
671360086230015598
671360086230015482
671360086230014774
671360086230015048
671360086230014938
671360086230014861
671360086230015420
671360086230015154
671360086230015393
671360086230014954
671360086230014901
671360086230015157
671360086230015305
671360086230015505
671360086230014879
671360086230015063
671360086230015169
671360086230015504
671360086230015335
671360086230015387
671360086230014646
671360086230015112
671360086230015364
671360086230014855
671360086230015277
671360086230015236
671360086230015594
671360086230014603
671360086230015139
671360086230015499
671360086230015437
671360086230015107
671360086230015170
671360086230015149
671360086230014860
671360086230014774
671360086230015464
671360086230014636
671360086230014928
671360086230014614
671360086230015479
671360086230014814
671360086230015184
671360086230014911
671360086230014795
671360086230014757
671360086230014884
671360086230014659
671360086230014879
671360086230015344
671360086230014909
671360086230015319
671360086230015503
671360086230014983
671360086230014822
671360086230015324
671360086230015345
671360086230014775
671360086230015208
671360086230014602
671360086230014692
671360086230015434
671360086230015496
671360086230015447
671360086230014965
671360086230015190
671360086230014789
671360086230014958
671360086230014787
671360086230015088
671360086230015546
671360086230015254
671360086230014826
671360086230015087
671360086230014993
671360086230015511
671360086230015160
671360086230015237
671360086230014967
671360086230014725
671360086230015271
671360086230015351
671360086230014689
671360086230015594
671360086230015040
671360086230014655
671360086230015198
671360086230015512
671360086230015233
671360086230014808
671360086230015223
671360086230015049
671360086230014875
671360086230014824
671360086230015253
671360086230015595
671360086230014657
671360086230015094
671360086230015278
671360086230015259
671360086230015115
671360086230015457
671360086230015139
671360086230014858
671360086230015133
671360086230014872
671360086230015255
671360086230015593
671360086230014969
671360086230014907
671360086230015405
671360086230015036
671360086230015366
671360086230014979
671360086230014696
671360086230015383
671360086230015158
671360086230015024
671360086230015517
671360086230015258
671360086230014766
671360086230015560
671360086230014884
671360086230014662
671360086230015265
671360086230015116
671360086230014925
671360086230015437
671360086230015279
671360086230015119
671360086230014658
671360086230014680
671360086230015280
671360086230014714
671360086230014662
671360086230015049
671360086230015040
671360086230015146
671360086230014692
671360086230014780
671360086230015302
671360086230014869
671360086230014960
671360086230014601
671360086230014664
671360086230014872
671360086230015332
671360086230014916
671360086230014954
671360086230014997
671360086230015013
671360086230015207
671360086230015320
671360086230015473
671360086230015452
671360086230015334
671360086230014679
671360086230015358
671360086230014717
671360086230014889
671360086230015420
